,Date,Volume,Open,High,Low,Close,Dividends,Stock Splits
0,2025-07-31 09:30:00-04:00,5622,3.6700000762939453,3.6700000762939453,3.6700000762939453,3.6700000762939453,0.0,0.0
1,2025-07-31 09:31:00-04:00,2980,3.7100000381469727,3.749300003051758,3.7100000381469727,3.716399908065796,0.0,0.0
2,2025-07-31 09:34:00-04:00,2493,3.7200000286102295,3.75,3.7200000286102295,3.75,0.0,0.0
3,2025-07-31 09:35:00-04:00,402,3.743299961090088,3.743299961090088,3.743299961090088,3.743299961090088,0.0,0.0
4,2025-07-31 09:37:00-04:00,1206,3.755000114440918,3.755000114440918,3.755000114440918,3.755000114440918,0.0,0.0
5,2025-07-31 09:38:00-04:00,3557,3.7850000858306885,3.7950000762939453,3.7249999046325684,3.7249999046325684,0.0,0.0
6,2025-07-31 09:39:00-04:00,3079,3.740000009536743,3.740000009536743,3.7200000286102295,3.7200000286102295,0.0,0.0
7,2025-07-31 09:40:00-04:00,1020,3.739500045776367,3.739500045776367,3.739500045776367,3.739500045776367,0.0,0.0
8,2025-07-31 09:47:00-04:00,16348,3.7035000324249268,3.7035000324249268,3.7035000324249268,3.7035000324249268,0.0,0.0
9,2025-07-31 09:49:00-04:00,430,3.7088000774383545,3.7088000774383545,3.700000047683716,3.700000047683716,0.0,0.0
10,2025-07-31 09:51:00-04:00,150,3.700000047683716,3.700000047683716,3.700000047683716,3.700000047683716,0.0,0.0
11,2025-07-31 09:52:00-04:00,140,3.700000047683716,3.700000047683716,3.700000047683716,3.700000047683716,0.0,0.0
12,2025-07-31 09:53:00-04:00,1326,3.6910998821258545,3.700000047683716,3.6910998821258545,3.700000047683716,0.0,0.0
13,2025-07-31 09:54:00-04:00,170,3.700000047683716,3.700000047683716,3.700000047683716,3.700000047683716,0.0,0.0
14,2025-07-31 09:57:00-04:00,296,3.700000047683716,3.700000047683716,3.700000047683716,3.700000047683716,0.0,0.0
15,2025-07-31 09:59:00-04:00,115,3.680000066757202,3.680000066757202,3.680000066757202,3.680000066757202,0.0,0.0
16,2025-07-31 10:01:00-04:00,628,3.6700000762939453,3.6798999309539795,3.6700000762939453,3.6798999309539795,0.0,0.0
17,2025-07-31 10:02:00-04:00,249,3.6791999340057373,3.6791999340057373,3.6791999340057373,3.6791999340057373,0.0,0.0
18,2025-07-31 10:03:00-04:00,2440,3.680000066757202,3.690000057220459,3.680000066757202,3.690000057220459,0.0,0.0
19,2025-07-31 10:04:00-04:00,1685,3.690000057220459,3.690000057220459,3.690000057220459,3.690000057220459,0.0,0.0
20,2025-07-31 10:05:00-04:00,100,3.690000057220459,3.690000057220459,3.690000057220459,3.690000057220459,0.0,0.0
21,2025-07-31 10:06:00-04:00,316,3.700000047683716,3.700000047683716,3.699399948120117,3.699399948120117,0.0,0.0
22,2025-07-31 10:07:00-04:00,317,3.694999933242798,3.694999933242798,3.694999933242798,3.694999933242798,0.0,0.0
23,2025-07-31 10:08:00-04:00,1749,3.690000057220459,3.690000057220459,3.680000066757202,3.680000066757202,0.0,0.0
24,2025-07-31 10:10:00-04:00,505,3.6700000762939453,3.6700000762939453,3.6700000762939453,3.6700000762939453,0.0,0.0
25,2025-07-31 10:11:00-04:00,1534,3.674999952316284,3.674999952316284,3.674999952316284,3.674999952316284,0.0,0.0
26,2025-07-31 10:17:00-04:00,100,3.684999942779541,3.684999942779541,3.684999942779541,3.684999942779541,0.0,0.0
27,2025-07-31 10:18:00-04:00,235,3.68530011177063,3.68530011177063,3.68530011177063,3.68530011177063,0.0,0.0
28,2025-07-31 10:19:00-04:00,261,3.684999942779541,3.684999942779541,3.684999942779541,3.684999942779541,0.0,0.0
29,2025-07-31 10:20:00-04:00,145,3.684999942779541,3.684999942779541,3.684999942779541,3.684999942779541,0.0,0.0
30,2025-07-31 10:22:00-04:00,2930,3.684999942779541,3.684999942779541,3.674999952316284,3.674999952316284,0.0,0.0
31,2025-07-31 10:25:00-04:00,12730,3.680000066757202,3.690000057220459,3.674999952316284,3.674999952316284,0.0,0.0
32,2025-07-31 10:26:00-04:00,100,3.674999952316284,3.674999952316284,3.674999952316284,3.674999952316284,0.0,0.0
33,2025-07-31 10:27:00-04:00,230,3.674999952316284,3.674999952316284,3.674999952316284,3.674999952316284,0.0,0.0
34,2025-07-31 10:28:00-04:00,480,3.674999952316284,3.674999952316284,3.674999952316284,3.674999952316284,0.0,0.0
35,2025-07-31 10:30:00-04:00,2054,3.674999952316284,3.676500082015991,3.6649999618530273,3.6649999618530273,0.0,0.0
36,2025-07-31 10:32:00-04:00,2523,3.6700000762939453,3.674999952316284,3.6700000762939453,3.674999952316284,0.0,0.0
37,2025-07-31 10:33:00-04:00,723,3.6700000762939453,3.6700000762939453,3.6700000762939453,3.6700000762939453,0.0,0.0
38,2025-07-31 10:34:00-04:00,408,3.6698999404907227,3.6698999404907227,3.6649999618530273,3.6649999618530273,0.0,0.0
39,2025-07-31 10:36:00-04:00,230,3.6649999618530273,3.6649999618530273,3.6649999618530273,3.6649999618530273,0.0,0.0
40,2025-07-31 10:39:00-04:00,241,3.6700000762939453,3.6700000762939453,3.6700000762939453,3.6700000762939453,0.0,0.0
41,2025-07-31 10:40:00-04:00,543,3.6649999618530273,3.6649999618530273,3.6649999618530273,3.6649999618530273,0.0,0.0
42,2025-07-31 10:41:00-04:00,2304,3.6700000762939453,3.6700000762939453,3.6700000762939453,3.6700000762939453,0.0,0.0
43,2025-07-31 10:44:00-04:00,235,3.6698999404907227,3.6698999404907227,3.6698999404907227,3.6698999404907227,0.0,0.0
44,2025-07-31 10:45:00-04:00,4038,3.6649999618530273,3.674999952316284,3.6649999618530273,3.6700000762939453,0.0,0.0
45,2025-07-31 10:46:00-04:00,159,3.6649999618530273,3.6649999618530273,3.6649999618530273,3.6649999618530273,0.0,0.0
46,2025-07-31 10:48:00-04:00,504,3.6649999618530273,3.6649999618530273,3.6649999618530273,3.6649999618530273,0.0,0.0
47,2025-07-31 10:49:00-04:00,1929,3.6600000858306885,3.6600000858306885,3.6600000858306885,3.6600000858306885,0.0,0.0
48,2025-07-31 10:50:00-04:00,220,3.6549999713897705,3.6549999713897705,3.6549999713897705,3.6549999713897705,0.0,0.0
49,2025-07-31 10:51:00-04:00,2643,3.6549999713897705,3.6549999713897705,3.6500000953674316,3.650614023208618,0.0,0.0
50,2025-07-31 10:52:00-04:00,7725,3.6500000953674316,3.6500000953674316,3.6449999809265137,3.6500000953674316,0.0,0.0
51,2025-07-31 10:53:00-04:00,0,3.6549999713897705,3.6549999713897705,3.6549999713897705,3.6549999713897705,0.0,0.0
52,2025-07-31 10:54:00-04:00,97115,3.6593000888824463,3.6593000888824463,3.6593000888824463,3.6593000888824463,0.0,0.0
53,2025-07-31 10:55:00-04:00,1328,3.6600000858306885,3.6600000858306885,3.6600000858306885,3.6600000858306885,0.0,0.0
54,2025-07-31 10:57:00-04:00,3309,3.6649999618530273,3.6700000762939453,3.6649999618530273,3.6700000762939453,0.0,0.0
55,2025-07-31 11:00:00-04:00,190,3.6649999618530273,3.6649999618530273,3.6649999618530273,3.6649999618530273,0.0,0.0
56,2025-07-31 11:02:00-04:00,425,3.6649999618530273,3.6700000762939453,3.6649999618530273,3.6700000762939453,0.0,0.0
57,2025-07-31 11:03:00-04:00,1465,3.6700000762939453,3.680000066757202,3.6700000762939453,3.674999952316284,0.0,0.0
58,2025-07-31 11:05:00-04:00,123,3.674999952316284,3.674999952316284,3.674999952316284,3.674999952316284,0.0,0.0
59,2025-07-31 11:06:00-04:00,423,3.6796998977661133,3.6796998977661133,3.6796998977661133,3.6796998977661133,0.0,0.0
60,2025-07-31 11:07:00-04:00,349,3.674999952316284,3.680000066757202,3.674999952316284,3.680000066757202,0.0,0.0
61,2025-07-31 11:08:00-04:00,826,3.6798999309539795,3.680000066757202,3.6798999309539795,3.680000066757202,0.0,0.0
62,2025-07-31 11:09:00-04:00,1281,3.680000066757202,3.680000066757202,3.674999952316284,3.674999952316284,0.0,0.0
63,2025-07-31 11:10:00-04:00,796,3.674999952316284,3.674999952316284,3.6700000762939453,3.6700000762939453,0.0,0.0
64,2025-07-31 11:19:00-04:00,929,3.674999952316284,3.674999952316284,3.6700000762939453,3.674999952316284,0.0,0.0
65,2025-07-31 11:21:00-04:00,235,3.674999952316284,3.674999952316284,3.674999952316284,3.674999952316284,0.0,0.0
66,2025-07-31 11:22:00-04:00,197,3.680000066757202,3.680000066757202,3.680000066757202,3.680000066757202,0.0,0.0
67,2025-07-31 11:23:00-04:00,126,3.674999952316284,3.674999952316284,3.674999952316284,3.674999952316284,0.0,0.0
68,2025-07-31 11:24:00-04:00,257,3.680000066757202,3.680000066757202,3.680000066757202,3.680000066757202,0.0,0.0
69,2025-07-31 11:25:00-04:00,217,3.674999952316284,3.674999952316284,3.674999952316284,3.674999952316284,0.0,0.0
70,2025-07-31 11:27:00-04:00,220,3.674999952316284,3.674999952316284,3.674999952316284,3.674999952316284,0.0,0.0
71,2025-07-31 11:29:00-04:00,733,3.680000066757202,3.680000066757202,3.680000066757202,3.680000066757202,0.0,0.0
72,2025-07-31 11:35:00-04:00,417,3.680000066757202,3.680000066757202,3.680000066757202,3.680000066757202,0.0,0.0
73,2025-07-31 11:36:00-04:00,3296,3.680000066757202,3.690000057220459,3.680000066757202,3.690000057220459,0.0,0.0
74,2025-07-31 11:43:00-04:00,222,3.690000057220459,3.690000057220459,3.690000057220459,3.690000057220459,0.0,0.0
75,2025-07-31 11:45:00-04:00,236,3.690000057220459,3.690000057220459,3.690000057220459,3.690000057220459,0.0,0.0
76,2025-07-31 11:48:00-04:00,369,3.684999942779541,3.690000057220459,3.684999942779541,3.690000057220459,0.0,0.0
77,2025-07-31 11:49:00-04:00,137,3.680000066757202,3.680000066757202,3.680000066757202,3.680000066757202,0.0,0.0
78,2025-07-31 11:51:00-04:00,294,3.684999942779541,3.684999942779541,3.684999942779541,3.684999942779541,0.0,0.0
79,2025-07-31 11:56:00-04:00,145,3.684999942779541,3.684999942779541,3.684999942779541,3.684999942779541,0.0,0.0
80,2025-07-31 11:57:00-04:00,975,3.690000057220459,3.690000057220459,3.6809000968933105,3.684999942779541,0.0,0.0
81,2025-07-31 11:58:00-04:00,205,3.684999942779541,3.684999942779541,3.684999942779541,3.684999942779541,0.0,0.0
82,2025-07-31 11:59:00-04:00,140,3.684999942779541,3.684999942779541,3.684999942779541,3.684999942779541,0.0,0.0
83,2025-07-31 12:01:00-04:00,1933,3.680000066757202,3.680000066757202,3.680000066757202,3.680000066757202,0.0,0.0
84,2025-07-31 12:02:00-04:00,1402,3.674999952316284,3.674999952316284,3.674999952316284,3.674999952316284,0.0,0.0
85,2025-07-31 12:03:00-04:00,300,3.674999952316284,3.674999952316284,3.674999952316284,3.674999952316284,0.0,0.0
86,2025-07-31 12:04:00-04:00,162,3.674999952316284,3.674999952316284,3.674999952316284,3.674999952316284,0.0,0.0
87,2025-07-31 12:06:00-04:00,131,3.674999952316284,3.674999952316284,3.674999952316284,3.674999952316284,0.0,0.0
88,2025-07-31 12:09:00-04:00,2427,3.674999952316284,3.6791999340057373,3.6700000762939453,3.6700000762939453,0.0,0.0
89,2025-07-31 12:10:00-04:00,7513,3.680000066757202,3.680000066757202,3.6700000762939453,3.670599937438965,0.0,0.0
90,2025-07-31 12:11:00-04:00,482,3.6798999309539795,3.6798999309539795,3.674999952316284,3.674999952316284,0.0,0.0
91,2025-07-31 12:13:00-04:00,463,3.674999952316284,3.674999952316284,3.674999952316284,3.674999952316284,0.0,0.0
92,2025-07-31 12:14:00-04:00,128,3.674999952316284,3.674999952316284,3.674999952316284,3.674999952316284,0.0,0.0
93,2025-07-31 12:15:00-04:00,918,3.674999952316284,3.674999952316284,3.6735000610351562,3.6735000610351562,0.0,0.0
94,2025-07-31 12:17:00-04:00,144,3.674999952316284,3.674999952316284,3.674999952316284,3.674999952316284,0.0,0.0
95,2025-07-31 12:19:00-04:00,175,3.674999952316284,3.674999952316284,3.674999952316284,3.674999952316284,0.0,0.0
96,2025-07-31 12:20:00-04:00,1001,3.6700000762939453,3.6700000762939453,3.6700000762939453,3.6700000762939453,0.0,0.0
97,2025-07-31 12:21:00-04:00,629,3.674999952316284,3.674999952316284,3.670099973678589,3.674999952316284,0.0,0.0
98,2025-07-31 12:22:00-04:00,114,3.680000066757202,3.680000066757202,3.680000066757202,3.680000066757202,0.0,0.0
99,2025-07-31 12:23:00-04:00,2579,3.680000066757202,3.684999942779541,3.680000066757202,3.684999942779541,0.0,0.0
100,2025-07-31 12:24:00-04:00,469,3.690000057220459,3.690000057220459,3.690000057220459,3.690000057220459,0.0,0.0
101,2025-07-31 12:25:00-04:00,789,3.690000057220459,3.694999933242798,3.690000057220459,3.694999933242798,0.0,0.0
102,2025-07-31 12:26:00-04:00,1467,3.690000057220459,3.690000057220459,3.690000057220459,3.690000057220459,0.0,0.0
103,2025-07-31 12:29:00-04:00,225,3.680000066757202,3.680000066757202,3.680000066757202,3.680000066757202,0.0,0.0
104,2025-07-31 12:30:00-04:00,887,3.680000066757202,3.680000066757202,3.674999952316284,3.674999952316284,0.0,0.0
105,2025-07-31 12:31:00-04:00,100,3.674999952316284,3.674999952316284,3.674999952316284,3.674999952316284,0.0,0.0
106,2025-07-31 12:34:00-04:00,5954,3.6751999855041504,3.6751999855041504,3.674999952316284,3.674999952316284,0.0,0.0
107,2025-07-31 12:35:00-04:00,13056,3.6796998977661133,3.690000057220459,3.6796998977661133,3.6800999641418457,0.0,0.0
108,2025-07-31 12:39:00-04:00,1699,3.684999942779541,3.684999942779541,3.684999942779541,3.684999942779541,0.0,0.0
109,2025-07-31 12:42:00-04:00,1463,3.690000057220459,3.690000057220459,3.690000057220459,3.690000057220459,0.0,0.0
110,2025-07-31 12:43:00-04:00,1170,3.6891000270843506,3.6891000270843506,3.6891000270843506,3.6891000270843506,0.0,0.0
111,2025-07-31 12:44:00-04:00,1827,3.690000057220459,3.690000057220459,3.690000057220459,3.690000057220459,0.0,0.0
112,2025-07-31 12:45:00-04:00,520,3.694999933242798,3.694999933242798,3.694999933242798,3.694999933242798,0.0,0.0
113,2025-07-31 12:46:00-04:00,320,3.690000057220459,3.694999933242798,3.690000057220459,3.690000057220459,0.0,0.0
114,2025-07-31 12:47:00-04:00,317,3.694999933242798,3.694999933242798,3.694999933242798,3.694999933242798,0.0,0.0
115,2025-07-31 12:51:00-04:00,759,3.6900999546051025,3.6900999546051025,3.690000057220459,3.690000057220459,0.0,0.0
116,2025-07-31 12:55:00-04:00,307,3.684999942779541,3.684999942779541,3.684999942779541,3.684999942779541,0.0,0.0
117,2025-07-31 12:58:00-04:00,261,3.690000057220459,3.690000057220459,3.690000057220459,3.690000057220459,0.0,0.0
118,2025-07-31 13:00:00-04:00,307,3.684999942779541,3.688999891281128,3.684999942779541,3.688999891281128,0.0,0.0
119,2025-07-31 13:01:00-04:00,200,3.684999942779541,3.684999942779541,3.684999942779541,3.684999942779541,0.0,0.0
120,2025-07-31 13:02:00-04:00,676,3.684999942779541,3.690000057220459,3.684999942779541,3.684999942779541,0.0,0.0
121,2025-07-31 13:03:00-04:00,214,3.684999942779541,3.684999942779541,3.684999942779541,3.684999942779541,0.0,0.0
122,2025-07-31 13:04:00-04:00,179,3.684999942779541,3.684999942779541,3.684999942779541,3.684999942779541,0.0,0.0
123,2025-07-31 13:08:00-04:00,703,3.680000066757202,3.684999942779541,3.680000066757202,3.684999942779541,0.0,0.0
124,2025-07-31 13:09:00-04:00,198,3.684999942779541,3.684999942779541,3.684999942779541,3.684999942779541,0.0,0.0
125,2025-07-31 13:10:00-04:00,100,3.684999942779541,3.684999942779541,3.684999942779541,3.684999942779541,0.0,0.0
126,2025-07-31 13:11:00-04:00,465,3.6898999214172363,3.6898999214172363,3.6898999214172363,3.6898999214172363,0.0,0.0
127,2025-07-31 13:15:00-04:00,195,3.680000066757202,3.680000066757202,3.680000066757202,3.680000066757202,0.0,0.0
128,2025-07-31 13:16:00-04:00,879,3.680000066757202,3.680000066757202,3.674999952316284,3.674999952316284,0.0,0.0
129,2025-07-31 13:18:00-04:00,435,3.6700000762939453,3.674999952316284,3.6700000762939453,3.6700000762939453,0.0,0.0
130,2025-07-31 13:19:00-04:00,814,3.6700000762939453,3.6700000762939453,3.6649999618530273,3.6649999618530273,0.0,0.0
131,2025-07-31 13:20:00-04:00,102,3.6649999618530273,3.6649999618530273,3.6649999618530273,3.6649999618530273,0.0,0.0
132,2025-07-31 13:21:00-04:00,300,3.6649999618530273,3.6649999618530273,3.6600000858306885,3.6600000858306885,0.0,0.0
133,2025-07-31 13:22:00-04:00,5652,3.6600000858306885,3.6700000762939453,3.6600000858306885,3.6700000762939453,0.0,0.0
134,2025-07-31 13:23:00-04:00,379,3.674999952316284,3.674999952316284,3.674999952316284,3.674999952316284,0.0,0.0
135,2025-07-31 13:27:00-04:00,4642,3.6700000762939453,3.6700000762939453,3.6700000762939453,3.6700000762939453,0.0,0.0
136,2025-07-31 13:29:00-04:00,381,3.6600000858306885,3.6600000858306885,3.6600000858306885,3.6600000858306885,0.0,0.0
137,2025-07-31 13:30:00-04:00,1999,3.6600000858306885,3.6649999618530273,3.6600000858306885,3.6600000858306885,0.0,0.0
138,2025-07-31 13:32:00-04:00,2897,3.6600000858306885,3.6600000858306885,3.6500000953674316,3.6500000953674316,0.0,0.0
139,2025-07-31 13:33:00-04:00,583,3.6549999713897705,3.6549999713897705,3.6500000953674316,3.6500000953674316,0.0,0.0
140,2025-07-31 13:34:00-04:00,231,3.6549999713897705,3.6549999713897705,3.6500000953674316,3.6500000953674316,0.0,0.0
141,2025-07-31 13:35:00-04:00,139,3.6549999713897705,3.6549999713897705,3.6549999713897705,3.6549999713897705,0.0,0.0
142,2025-07-31 13:37:00-04:00,100,3.6549999713897705,3.6549999713897705,3.6549999713897705,3.6549999713897705,0.0,0.0
143,2025-07-31 13:38:00-04:00,564,3.6549999713897705,3.6549999713897705,3.6549999713897705,3.6549999713897705,0.0,0.0
144,2025-07-31 13:39:00-04:00,224,3.6549999713897705,3.6549999713897705,3.6549999713897705,3.6549999713897705,0.0,0.0
145,2025-07-31 13:40:00-04:00,251,3.6549999713897705,3.6549999713897705,3.6549999713897705,3.6549999713897705,0.0,0.0
146,2025-07-31 13:41:00-04:00,3229,3.6549999713897705,3.6649999618530273,3.6549999713897705,3.6649999618530273,0.0,0.0
147,2025-07-31 13:42:00-04:00,295,3.6649999618530273,3.6649999618530273,3.6649999618530273,3.6649999618530273,0.0,0.0
148,2025-07-31 13:43:00-04:00,785,3.6649999618530273,3.6649999618530273,3.6649999618530273,3.6649999618530273,0.0,0.0
149,2025-07-31 13:45:00-04:00,145,3.6649999618530273,3.6649999618530273,3.6649999618530273,3.6649999618530273,0.0,0.0
150,2025-07-31 13:48:00-04:00,321,3.6600000858306885,3.6600000858306885,3.6600000858306885,3.6600000858306885,0.0,0.0
151,2025-07-31 13:50:00-04:00,101,3.6649999618530273,3.6649999618530273,3.6649999618530273,3.6649999618530273,0.0,0.0
152,2025-07-31 13:51:00-04:00,142,3.6600000858306885,3.6600000858306885,3.6600000858306885,3.6600000858306885,0.0,0.0
153,2025-07-31 13:52:00-04:00,321,3.660900115966797,3.660900115966797,3.6600000858306885,3.6600000858306885,0.0,0.0
154,2025-07-31 13:54:00-04:00,346,3.6649999618530273,3.6698999404907227,3.6649999618530273,3.6698999404907227,0.0,0.0
155,2025-07-31 13:55:00-04:00,0,3.6500000953674316,3.6500000953674316,3.6500000953674316,3.6500000953674316,0.0,0.0
156,2025-07-31 13:59:00-04:00,201389,3.6500000953674316,3.6500000953674316,3.6500000953674316,3.6500000953674316,0.0,0.0
157,2025-07-31 14:00:00-04:00,169,3.6549999713897705,3.6549999713897705,3.6549999713897705,3.6549999713897705,0.0,0.0
158,2025-07-31 14:01:00-04:00,939,3.6549999713897705,3.6600000858306885,3.6549999713897705,3.6549999713897705,0.0,0.0
159,2025-07-31 14:02:00-04:00,2213,3.6500000953674316,3.6549999713897705,3.6500000953674316,3.6549999713897705,0.0,0.0
160,2025-07-31 14:04:00-04:00,158,3.6549999713897705,3.6549999713897705,3.6549999713897705,3.6549999713897705,0.0,0.0
161,2025-07-31 14:05:00-04:00,100,3.6549999713897705,3.6549999713897705,3.6549999713897705,3.6549999713897705,0.0,0.0
162,2025-07-31 14:06:00-04:00,475,3.6549999713897705,3.6549999713897705,3.6500000953674316,3.6549999713897705,0.0,0.0
163,2025-07-31 14:07:00-04:00,303,3.6549999713897705,3.6549999713897705,3.6500000953674316,3.6500000953674316,0.0,0.0
164,2025-07-31 14:08:00-04:00,100,3.6549999713897705,3.6549999713897705,3.6549999713897705,3.6549999713897705,0.0,0.0
165,2025-07-31 14:09:00-04:00,359,3.6549999713897705,3.6549999713897705,3.6549999713897705,3.6549999713897705,0.0,0.0
166,2025-07-31 14:13:00-04:00,100,3.6500000953674316,3.6500000953674316,3.6500000953674316,3.6500000953674316,0.0,0.0
167,2025-07-31 14:14:00-04:00,151,3.6600000858306885,3.6600000858306885,3.6600000858306885,3.6600000858306885,0.0,0.0
168,2025-07-31 14:15:00-04:00,125,3.6549999713897705,3.6549999713897705,3.6549999713897705,3.6549999713897705,0.0,0.0
169,2025-07-31 14:16:00-04:00,339,3.6549999713897705,3.6549999713897705,3.6549999713897705,3.6549999713897705,0.0,0.0
170,2025-07-31 14:19:00-04:00,218,3.6500000953674316,3.6549999713897705,3.6500000953674316,3.6549999713897705,0.0,0.0
171,2025-07-31 14:20:00-04:00,526,3.6549999713897705,3.6549999713897705,3.6500000953674316,3.6500000953674316,0.0,0.0
172,2025-07-31 14:21:00-04:00,536,3.6549999713897705,3.6549999713897705,3.6500000953674316,3.6549999713897705,0.0,0.0
173,2025-07-31 14:22:00-04:00,713,3.6549999713897705,3.6549999713897705,3.6500000953674316,3.6500000953674316,0.0,0.0
174,2025-07-31 14:23:00-04:00,625,3.6549999713897705,3.6589999198913574,3.6500000953674316,3.6589999198913574,0.0,0.0
175,2025-07-31 14:24:00-04:00,924,3.6549999713897705,3.6600000858306885,3.6500000953674316,3.6549999713897705,0.0,0.0
176,2025-07-31 14:25:00-04:00,613,3.6549999713897705,3.6549999713897705,3.6500000953674316,3.6500000953674316,0.0,0.0
177,2025-07-31 14:26:00-04:00,262,3.6549999713897705,3.6549999713897705,3.6500000953674316,3.6500000953674316,0.0,0.0
178,2025-07-31 14:27:00-04:00,600,3.6549999713897705,3.6549999713897705,3.6500000953674316,3.6500000953674316,0.0,0.0
179,2025-07-31 14:28:00-04:00,1940,3.6549999713897705,3.6549999713897705,3.6500000953674316,3.6549999713897705,0.0,0.0
180,2025-07-31 14:29:00-04:00,701,3.6549999713897705,3.6600000858306885,3.6500000953674316,3.6549999713897705,0.0,0.0
181,2025-07-31 14:30:00-04:00,502,3.6500000953674316,3.6549999713897705,3.6500000953674316,3.6500000953674316,0.0,0.0
182,2025-07-31 14:32:00-04:00,7871,3.6500000953674316,3.6500000953674316,3.634999990463257,3.634999990463257,0.0,0.0
183,2025-07-31 14:33:00-04:00,789,3.634999990463257,3.634999990463257,3.634999990463257,3.634999990463257,0.0,0.0
184,2025-07-31 14:34:00-04:00,1627,3.634999990463257,3.634999990463257,3.634999990463257,3.634999990463257,0.0,0.0
185,2025-07-31 14:35:00-04:00,448,3.634999990463257,3.634999990463257,3.634999990463257,3.634999990463257,0.0,0.0
186,2025-07-31 14:36:00-04:00,230,3.634999990463257,3.634999990463257,3.630000114440918,3.630000114440918,0.0,0.0
187,2025-07-31 14:37:00-04:00,418,3.634999990463257,3.634999990463257,3.630000114440918,3.634999990463257,0.0,0.0
188,2025-07-31 14:38:00-04:00,619,3.634999990463257,3.634999990463257,3.630000114440918,3.634999990463257,0.0,0.0
189,2025-07-31 14:39:00-04:00,2381,3.634999990463257,3.634999990463257,3.630000114440918,3.630000114440918,0.0,0.0
190,2025-07-31 14:40:00-04:00,1035,3.634999990463257,3.634999990463257,3.634999990463257,3.634999990463257,0.0,0.0
191,2025-07-31 14:41:00-04:00,302,3.634999990463257,3.634999990463257,3.634999990463257,3.634999990463257,0.0,0.0
192,2025-07-31 14:42:00-04:00,234,3.630000114440918,3.630000114440918,3.630000114440918,3.630000114440918,0.0,0.0
193,2025-07-31 14:43:00-04:00,122,3.634999990463257,3.634999990463257,3.634999990463257,3.634999990463257,0.0,0.0
194,2025-07-31 14:44:00-04:00,1723,3.630000114440918,3.6308999061584473,3.630000114440918,3.630000114440918,0.0,0.0
195,2025-07-31 14:45:00-04:00,1211,3.630000114440918,3.636699914932251,3.630000114440918,3.630000114440918,0.0,0.0
196,2025-07-31 14:47:00-04:00,807,3.630000114440918,3.630000114440918,3.630000114440918,3.630000114440918,0.0,0.0
197,2025-07-31 14:48:00-04:00,205,3.630000114440918,3.630000114440918,3.630000114440918,3.630000114440918,0.0,0.0
198,2025-07-31 14:49:00-04:00,1327,3.630000114440918,3.630000114440918,3.625,3.625,0.0,0.0
199,2025-07-31 14:50:00-04:00,605,3.625,3.625,3.625,3.625,0.0,0.0
200,2025-07-31 14:51:00-04:00,310,3.625,3.625,3.625,3.625,0.0,0.0
201,2025-07-31 14:52:00-04:00,713,3.625,3.625,3.619999885559082,3.625,0.0,0.0
202,2025-07-31 14:53:00-04:00,325,3.625,3.625,3.625,3.625,0.0,0.0
203,2025-07-31 14:54:00-04:00,330,3.625,3.625,3.625,3.625,0.0,0.0
204,2025-07-31 14:55:00-04:00,505,3.625,3.625,3.625,3.625,0.0,0.0
205,2025-07-31 14:56:00-04:00,1804,3.625,3.625,3.625,3.625,0.0,0.0
206,2025-07-31 14:57:00-04:00,101,3.625,3.625,3.625,3.625,0.0,0.0
207,2025-07-31 14:58:00-04:00,2091,3.625,3.625,3.619999885559082,3.6201000213623047,0.0,0.0
208,2025-07-31 15:00:00-04:00,689,3.625,3.625,3.625,3.625,0.0,0.0
209,2025-07-31 15:01:00-04:00,500,3.625,3.625,3.625,3.625,0.0,0.0
210,2025-07-31 15:02:00-04:00,951,3.625,3.630000114440918,3.625,3.625,0.0,0.0
211,2025-07-31 15:03:00-04:00,576,3.625,3.625,3.619999885559082,3.619999885559082,0.0,0.0
212,2025-07-31 15:04:00-04:00,375,3.625,3.625,3.625,3.625,0.0,0.0
213,2025-07-31 15:05:00-04:00,500,3.625,3.625,3.625,3.625,0.0,0.0
214,2025-07-31 15:06:00-04:00,428,3.625,3.625,3.625,3.625,0.0,0.0
215,2025-07-31 15:07:00-04:00,7510,3.630000114440918,3.634999990463257,3.625,3.634999990463257,0.0,0.0
216,2025-07-31 15:08:00-04:00,212,3.634999990463257,3.634999990463257,3.634999990463257,3.634999990463257,0.0,0.0
217,2025-07-31 15:09:00-04:00,448,3.634999990463257,3.634999990463257,3.634999990463257,3.634999990463257,0.0,0.0
218,2025-07-31 15:10:00-04:00,417,3.634999990463257,3.634999990463257,3.634999990463257,3.634999990463257,0.0,0.0
219,2025-07-31 15:11:00-04:00,455,3.634999990463257,3.634999990463257,3.634999990463257,3.634999990463257,0.0,0.0
220,2025-07-31 15:13:00-04:00,2099,3.634999990463257,3.634999990463257,3.634999990463257,3.634999990463257,0.0,0.0
221,2025-07-31 15:14:00-04:00,604,3.634999990463257,3.634999990463257,3.630000114440918,3.630000114440918,0.0,0.0
222,2025-07-31 15:15:00-04:00,403,3.634999990463257,3.634999990463257,3.634999990463257,3.634999990463257,0.0,0.0
223,2025-07-31 15:16:00-04:00,367,3.634999990463257,3.634999990463257,3.634999990463257,3.634999990463257,0.0,0.0
224,2025-07-31 15:17:00-04:00,650,3.634999990463257,3.634999990463257,3.630000114440918,3.630000114440918,0.0,0.0
225,2025-07-31 15:18:00-04:00,600,3.634999990463257,3.634999990463257,3.634999990463257,3.634999990463257,0.0,0.0
226,2025-07-31 15:19:00-04:00,515,3.634999990463257,3.634999990463257,3.634999990463257,3.634999990463257,0.0,0.0
227,2025-07-31 15:20:00-04:00,985,3.634999990463257,3.634999990463257,3.630000114440918,3.630000114440918,0.0,0.0
228,2025-07-31 15:21:00-04:00,201,3.640000104904175,3.640000104904175,3.640000104904175,3.640000104904175,0.0,0.0
229,2025-07-31 15:22:00-04:00,874,3.634999990463257,3.634999990463257,3.630000114440918,3.630000114440918,0.0,0.0
230,2025-07-31 15:24:00-04:00,1707,3.634999990463257,3.634999990463257,3.625,3.625,0.0,0.0
231,2025-07-31 15:25:00-04:00,16480,3.625,3.634999990463257,3.619999885559082,3.631200075149536,0.0,0.0
232,2025-07-31 15:26:00-04:00,2060,3.634999990463257,3.634999990463257,3.625,3.625,0.0,0.0
233,2025-07-31 15:27:00-04:00,327,3.625,3.625,3.625,3.625,0.0,0.0
234,2025-07-31 15:28:00-04:00,1121,3.630000114440918,3.630000114440918,3.625,3.625,0.0,0.0
235,2025-07-31 15:29:00-04:00,349,3.625,3.625,3.625,3.625,0.0,0.0
236,2025-07-31 15:30:00-04:00,800,3.625,3.630000114440918,3.625,3.625,0.0,0.0
237,2025-07-31 15:31:00-04:00,2514,3.625,3.625,3.625,3.625,0.0,0.0
238,2025-07-31 15:32:00-04:00,501,3.625,3.630000114440918,3.625,3.630000114440918,0.0,0.0
239,2025-07-31 15:33:00-04:00,9571,3.630000114440918,3.634999990463257,3.625,3.634999990463257,0.0,0.0
240,2025-07-31 15:34:00-04:00,3780,3.634999990463257,3.634999990463257,3.630000114440918,3.63070011138916,0.0,0.0
241,2025-07-31 15:36:00-04:00,1200,3.619999885559082,3.625,3.619999885559082,3.625,0.0,0.0
242,2025-07-31 15:37:00-04:00,1140,3.625,3.625,3.619999885559082,3.619999885559082,0.0,0.0
243,2025-07-31 15:38:00-04:00,101,3.625,3.625,3.625,3.625,0.0,0.0
244,2025-07-31 15:39:00-04:00,1317,3.625,3.625,3.619999885559082,3.625,0.0,0.0
245,2025-07-31 15:40:00-04:00,9243,3.625,3.625,3.609999895095825,3.615000009536743,0.0,0.0
246,2025-07-31 15:41:00-04:00,1477,3.615000009536743,3.615000009536743,3.615000009536743,3.615000009536743,0.0,0.0
247,2025-07-31 15:42:00-04:00,1415,3.619999885559082,3.619999885559082,3.615000009536743,3.615000009536743,0.0,0.0
248,2025-07-31 15:43:00-04:00,7687,3.611299991607666,3.615000009536743,3.611299991607666,3.615000009536743,0.0,0.0
249,2025-07-31 15:44:00-04:00,19915,3.615000009536743,3.630000114440918,3.609999895095825,3.609999895095825,0.0,0.0
250,2025-07-31 15:45:00-04:00,100,3.615000009536743,3.615000009536743,3.615000009536743,3.615000009536743,0.0,0.0
251,2025-07-31 15:46:00-04:00,800,3.615000009536743,3.615000009536743,3.609999895095825,3.615000009536743,0.0,0.0
252,2025-07-31 15:47:00-04:00,1506,3.609999895095825,3.615000009536743,3.609999895095825,3.615000009536743,0.0,0.0
253,2025-07-31 15:48:00-04:00,5334,3.609999895095825,3.615000009536743,3.6050000190734863,3.6050000190734863,0.0,0.0
254,2025-07-31 15:49:00-04:00,5270,3.609999895095825,3.615000009536743,3.609999895095825,3.615000009536743,0.0,0.0
255,2025-07-31 15:50:00-04:00,4605,3.609999895095825,3.609999895095825,3.6050000190734863,3.6050000190734863,0.0,0.0
256,2025-07-31 15:51:00-04:00,3524,3.6050000190734863,3.609999895095825,3.5999999046325684,3.6050000190734863,0.0,0.0
257,2025-07-31 15:52:00-04:00,1415,3.6050000190734863,3.6050000190734863,3.5999999046325684,3.6050000190734863,0.0,0.0
258,2025-07-31 15:53:00-04:00,1607,3.6050000190734863,3.6050000190734863,3.5999999046325684,3.6050000190734863,0.0,0.0
259,2025-07-31 15:54:00-04:00,3021,3.5999999046325684,3.6050000190734863,3.5999999046325684,3.6050000190734863,0.0,0.0
260,2025-07-31 15:55:00-04:00,4117,3.6010000705718994,3.6050000190734863,3.5999999046325684,3.5999999046325684,0.0,0.0
261,2025-07-31 15:56:00-04:00,2736,3.6050000190734863,3.6050000190734863,3.5999999046325684,3.6050000190734863,0.0,0.0
262,2025-07-31 15:57:00-04:00,7286,3.5999999046325684,3.6050000190734863,3.5999999046325684,3.5999999046325684,0.0,0.0
263,2025-07-31 15:58:00-04:00,4607,3.5999999046325684,3.6050000190734863,3.5999999046325684,3.5999999046325684,0.0,0.0
264,2025-07-31 15:59:00-04:00,12483,3.601099967956543,3.609999895095825,3.5950000286102295,3.6050000190734863,0.0,0.0
265,2025-08-01 09:30:00-04:00,8535,3.6600000858306885,3.674999952316284,3.6600000858306885,3.674999952316284,0.0,0.0
266,2025-08-01 09:31:00-04:00,500,3.674999952316284,3.674999952316284,3.674999952316284,3.674999952316284,0.0,0.0
267,2025-08-01 09:32:00-04:00,13500,3.651900053024292,3.6549999713897705,3.6500000953674316,3.6500000953674316,0.0,0.0
268,2025-08-01 09:33:00-04:00,8404,3.640000104904175,3.640000104904175,3.640000104904175,3.640000104904175,0.0,0.0
269,2025-08-01 09:38:00-04:00,1456,3.6500000953674316,3.6500000953674316,3.640000104904175,3.640000104904175,0.0,0.0
270,2025-08-01 09:40:00-04:00,2143,3.630000114440918,3.630000114440918,3.619999885559082,3.619999885559082,0.0,0.0
271,2025-08-01 09:42:00-04:00,955,3.609999895095825,3.609999895095825,3.609999895095825,3.609999895095825,0.0,0.0
272,2025-08-01 09:43:00-04:00,33431,3.5999999046325684,3.615000009536743,3.5999999046325684,3.6050000190734863,0.0,0.0
273,2025-08-01 09:44:00-04:00,159,3.5999999046325684,3.5999999046325684,3.5999999046325684,3.5999999046325684,0.0,0.0
274,2025-08-01 09:45:00-04:00,1218,3.609499931335449,3.630000114440918,3.609499931335449,3.630000114440918,0.0,0.0
275,2025-08-01 09:46:00-04:00,12333,3.625,3.6500000953674316,3.625,3.6500000953674316,0.0,0.0
276,2025-08-01 09:47:00-04:00,4652,3.6500000953674316,3.6600000858306885,3.6500000953674316,3.6549999713897705,0.0,0.0
277,2025-08-01 09:48:00-04:00,1420,3.6500000953674316,3.6500000953674316,3.6500000953674316,3.6500000953674316,0.0,0.0
278,2025-08-01 09:49:00-04:00,402,3.640000104904175,3.640000104904175,3.634999990463257,3.634999990463257,0.0,0.0
279,2025-08-01 09:52:00-04:00,1019,3.630000114440918,3.630000114440918,3.630000114440918,3.630000114440918,0.0,0.0
280,2025-08-01 09:54:00-04:00,253,3.611999988555908,3.611999988555908,3.611999988555908,3.611999988555908,0.0,0.0
281,2025-08-01 09:55:00-04:00,3572,3.625,3.625,3.625,3.625,0.0,0.0
282,2025-08-01 09:56:00-04:00,509,3.6282999515533447,3.6282999515533447,3.619999885559082,3.619999885559082,0.0,0.0
283,2025-08-01 09:58:00-04:00,403,3.619999885559082,3.619999885559082,3.619999885559082,3.619999885559082,0.0,0.0
284,2025-08-01 10:01:00-04:00,10701,3.630000114440918,3.640000104904175,3.630000114440918,3.633500099182129,0.0,0.0
285,2025-08-01 10:02:00-04:00,902,3.630000114440918,3.634999990463257,3.630000114440918,3.630000114440918,0.0,0.0
286,2025-08-01 10:03:00-04:00,1004,3.630000114440918,3.640000104904175,3.630000114440918,3.640000104904175,0.0,0.0
287,2025-08-01 10:04:00-04:00,395,3.640000104904175,3.640000104904175,3.630000114440918,3.630000114440918,0.0,0.0
288,2025-08-01 10:05:00-04:00,474,3.63919997215271,3.63919997215271,3.625,3.625,0.0,0.0
289,2025-08-01 10:07:00-04:00,3435,3.6298999786376953,3.640000104904175,3.6298999786376953,3.634999990463257,0.0,0.0
290,2025-08-01 10:08:00-04:00,553,3.640000104904175,3.640000104904175,3.640000104904175,3.640000104904175,0.0,0.0
291,2025-08-01 10:10:00-04:00,1119,3.6500000953674316,3.6549999713897705,3.6500000953674316,3.6549999713897705,0.0,0.0
292,2025-08-01 10:12:00-04:00,328,3.6600000858306885,3.6649999618530273,3.6600000858306885,3.6649999618530273,0.0,0.0
293,2025-08-01 10:14:00-04:00,958,3.6700000762939453,3.6700000762939453,3.6700000762939453,3.6700000762939453,0.0,0.0
294,2025-08-01 10:15:00-04:00,350,3.6700000762939453,3.6700000762939453,3.6700000762939453,3.6700000762939453,0.0,0.0
295,2025-08-01 10:16:00-04:00,3342,3.6600000858306885,3.6700000762939453,3.6600000858306885,3.6700000762939453,0.0,0.0
296,2025-08-01 10:17:00-04:00,15228,3.6700000762939453,3.700000047683716,3.6700000762939453,3.700000047683716,0.0,0.0
297,2025-08-01 10:18:00-04:00,3607,3.680000066757202,3.680000066757202,3.6735999584198,3.674999952316284,0.0,0.0
298,2025-08-01 10:19:00-04:00,245,3.674999952316284,3.674999952316284,3.674999952316284,3.674999952316284,0.0,0.0
299,2025-08-01 10:20:00-04:00,237,3.674999952316284,3.674999952316284,3.674999952316284,3.674999952316284,0.0,0.0
300,2025-08-01 10:21:00-04:00,2865,3.674999952316284,3.680000066757202,3.674999952316284,3.674999952316284,0.0,0.0
301,2025-08-01 10:22:00-04:00,1403,3.6707000732421875,3.6707000732421875,3.6700000762939453,3.6700000762939453,0.0,0.0
302,2025-08-01 10:23:00-04:00,355,3.6735000610351562,3.674999952316284,3.6735000610351562,3.674999952316284,0.0,0.0
303,2025-08-01 10:24:00-04:00,849,3.6700000762939453,3.6700000762939453,3.6700000762939453,3.6700000762939453,0.0,0.0
304,2025-08-01 10:25:00-04:00,2346,3.6649999618530273,3.6649999618530273,3.6500000953674316,3.6500000953674316,0.0,0.0
305,2025-08-01 10:26:00-04:00,304,3.6500000953674316,3.6549999713897705,3.6500000953674316,3.6549999713897705,0.0,0.0
306,2025-08-01 10:27:00-04:00,200,3.6549999713897705,3.6549999713897705,3.6549999713897705,3.6549999713897705,0.0,0.0
307,2025-08-01 10:30:00-04:00,2016,3.6500000953674316,3.6500000953674316,3.6449999809265137,3.6449999809265137,0.0,0.0
308,2025-08-01 10:31:00-04:00,760,3.6449999809265137,3.6449999809265137,3.6449999809265137,3.6449999809265137,0.0,0.0
309,2025-08-01 10:32:00-04:00,213,3.6449999809265137,3.6449999809265137,3.6449999809265137,3.6449999809265137,0.0,0.0
310,2025-08-01 10:33:00-04:00,127,3.6449999809265137,3.6449999809265137,3.6449999809265137,3.6449999809265137,0.0,0.0
311,2025-08-01 10:36:00-04:00,625,3.640000104904175,3.6449999809265137,3.640000104904175,3.6449999809265137,0.0,0.0
312,2025-08-01 10:37:00-04:00,200,3.640000104904175,3.6449999809265137,3.640000104904175,3.6449999809265137,0.0,0.0
313,2025-08-01 10:38:00-04:00,202,3.6449999809265137,3.6449999809265137,3.6449999809265137,3.6449999809265137,0.0,0.0
314,2025-08-01 10:39:00-04:00,2508,3.640000104904175,3.640000104904175,3.634999990463257,3.640000104904175,0.0,0.0
315,2025-08-01 10:40:00-04:00,1276,3.640000104904175,3.640000104904175,3.634999990463257,3.634999990463257,0.0,0.0
316,2025-08-01 10:41:00-04:00,1576,3.640000104904175,3.6449999809265137,3.640000104904175,3.6449999809265137,0.0,0.0
317,2025-08-01 10:45:00-04:00,771,3.6449999809265137,3.6449999809265137,3.6449999809265137,3.6449999809265137,0.0,0.0
318,2025-08-01 10:46:00-04:00,100,3.6449999809265137,3.6449999809265137,3.6449999809265137,3.6449999809265137,0.0,0.0
319,2025-08-01 10:47:00-04:00,1034,3.6500000953674316,3.6549999713897705,3.6500000953674316,3.6549999713897705,0.0,0.0
320,2025-08-01 10:48:00-04:00,1083,3.6500000953674316,3.6500000953674316,3.6500000953674316,3.6500000953674316,0.0,0.0
321,2025-08-01 10:49:00-04:00,300,3.6449999809265137,3.6449999809265137,3.6449999809265137,3.6449999809265137,0.0,0.0
322,2025-08-01 10:50:00-04:00,611,3.6407999992370605,3.6407999992370605,3.6407999992370605,3.6407999992370605,0.0,0.0
323,2025-08-01 10:51:00-04:00,1037,3.640000104904175,3.640000104904175,3.640000104904175,3.640000104904175,0.0,0.0
324,2025-08-01 10:52:00-04:00,1455,3.630000114440918,3.6305999755859375,3.625,3.625,0.0,0.0
325,2025-08-01 10:53:00-04:00,2374,3.630000114440918,3.630000114440918,3.630000114440918,3.630000114440918,0.0,0.0
326,2025-08-01 10:54:00-04:00,102,3.634999990463257,3.634999990463257,3.634999990463257,3.634999990463257,0.0,0.0
327,2025-08-01 10:55:00-04:00,1100,3.634999990463257,3.6391000747680664,3.634999990463257,3.6391000747680664,0.0,0.0
328,2025-08-01 10:56:00-04:00,707,3.630000114440918,3.634999990463257,3.630000114440918,3.630000114440918,0.0,0.0
329,2025-08-01 10:57:00-04:00,159,3.634999990463257,3.634999990463257,3.634999990463257,3.634999990463257,0.0,0.0
330,2025-08-01 10:58:00-04:00,225,3.634999990463257,3.634999990463257,3.634999990463257,3.634999990463257,0.0,0.0
331,2025-08-01 10:59:00-04:00,546,3.633500099182129,3.633500099182129,3.633500099182129,3.633500099182129,0.0,0.0
332,2025-08-01 11:01:00-04:00,350,3.634999990463257,3.634999990463257,3.6301000118255615,3.6301000118255615,0.0,0.0
333,2025-08-01 11:02:00-04:00,682,3.630000114440918,3.630000114440918,3.630000114440918,3.630000114440918,0.0,0.0
334,2025-08-01 11:04:00-04:00,324,3.630000114440918,3.630000114440918,3.630000114440918,3.630000114440918,0.0,0.0
335,2025-08-01 11:06:00-04:00,613,3.634999990463257,3.634999990463257,3.630000114440918,3.630000114440918,0.0,0.0
336,2025-08-01 11:07:00-04:00,301,3.634999990463257,3.634999990463257,3.630000114440918,3.630000114440918,0.0,0.0
337,2025-08-01 11:08:00-04:00,213,3.634999990463257,3.634999990463257,3.634999990463257,3.634999990463257,0.0,0.0
338,2025-08-01 11:09:00-04:00,296,3.634999990463257,3.634999990463257,3.634999990463257,3.634999990463257,0.0,0.0
339,2025-08-01 11:10:00-04:00,1918,3.634999990463257,3.6401000022888184,3.634999990463257,3.6401000022888184,0.0,0.0
340,2025-08-01 11:11:00-04:00,100,3.6449999809265137,3.6449999809265137,3.6449999809265137,3.6449999809265137,0.0,0.0
341,2025-08-01 11:12:00-04:00,134,3.6449999809265137,3.6449999809265137,3.6449999809265137,3.6449999809265137,0.0,0.0
342,2025-08-01 11:14:00-04:00,1811,3.640000104904175,3.640000104904175,3.640000104904175,3.640000104904175,0.0,0.0
343,2025-08-01 11:15:00-04:00,1919,3.6389999389648438,3.6391000747680664,3.634999990463257,3.634999990463257,0.0,0.0
344,2025-08-01 11:16:00-04:00,1755,3.630000114440918,3.6301000118255615,3.625,3.625,0.0,0.0
345,2025-08-01 11:17:00-04:00,213,3.625,3.625,3.625,3.625,0.0,0.0
346,2025-08-01 11:18:00-04:00,29110,3.630000114440918,3.640000104904175,3.6298999786376953,3.640000104904175,0.0,0.0
347,2025-08-01 11:19:00-04:00,106,3.6449999809265137,3.6449999809265137,3.6449999809265137,3.6449999809265137,0.0,0.0
348,2025-08-01 11:20:00-04:00,304,3.6449999809265137,3.6500000953674316,3.6449999809265137,3.6500000953674316,0.0,0.0
349,2025-08-01 11:21:00-04:00,347,3.6449999809265137,3.6449999809265137,3.6449999809265137,3.6449999809265137,0.0,0.0
350,2025-08-01 11:22:00-04:00,1206,3.640000104904175,3.6449999809265137,3.640000104904175,3.6449999809265137,0.0,0.0
351,2025-08-01 11:23:00-04:00,256,3.6449999809265137,3.6449999809265137,3.6449999809265137,3.6449999809265137,0.0,0.0
352,2025-08-01 11:24:00-04:00,1867,3.6449999809265137,3.651099920272827,3.6449999809265137,3.6500000953674316,0.0,0.0
353,2025-08-01 11:25:00-04:00,156,3.6549999713897705,3.6549999713897705,3.6549999713897705,3.6549999713897705,0.0,0.0
354,2025-08-01 11:26:00-04:00,113,3.6549999713897705,3.6549999713897705,3.6549999713897705,3.6549999713897705,0.0,0.0
355,2025-08-01 11:27:00-04:00,17223,3.6549999713897705,3.6649999618530273,3.6549999713897705,3.6649999618530273,0.0,0.0
356,2025-08-01 11:30:00-04:00,200,3.6649999618530273,3.6649999618530273,3.6649999618530273,3.6649999618530273,0.0,0.0
357,2025-08-01 11:31:00-04:00,2398,3.6649999618530273,3.6700000762939453,3.6649999618530273,3.6700000762939453,0.0,0.0
358,2025-08-01 11:32:00-04:00,23818,3.674999952316284,3.674999952316284,3.6600000858306885,3.6600000858306885,0.0,0.0
359,2025-08-01 11:33:00-04:00,13088,3.6600000858306885,3.6600000858306885,3.640000104904175,3.640000104904175,0.0,0.0
360,2025-08-01 11:34:00-04:00,645,3.6449999809265137,3.6449999809265137,3.6449999809265137,3.6449999809265137,0.0,0.0
361,2025-08-01 11:36:00-04:00,263,3.6449999809265137,3.6449999809265137,3.6449999809265137,3.6449999809265137,0.0,0.0
362,2025-08-01 11:38:00-04:00,280,3.6449999809265137,3.6449999809265137,3.6449999809265137,3.6449999809265137,0.0,0.0
363,2025-08-01 11:40:00-04:00,846,3.640000104904175,3.6449999809265137,3.640000104904175,3.6449999809265137,0.0,0.0
364,2025-08-01 11:41:00-04:00,1040,3.6449999809265137,3.649199962615967,3.6449999809265137,3.6489999294281006,0.0,0.0
365,2025-08-01 11:42:00-04:00,108,3.6449999809265137,3.6449999809265137,3.6449999809265137,3.6449999809265137,0.0,0.0
366,2025-08-01 11:43:00-04:00,414,3.6449999809265137,3.6449999809265137,3.6449999809265137,3.6449999809265137,0.0,0.0
367,2025-08-01 11:44:00-04:00,211,3.6449999809265137,3.6449999809265137,3.6449999809265137,3.6449999809265137,0.0,0.0
368,2025-08-01 11:45:00-04:00,338,3.640000104904175,3.6449999809265137,3.640000104904175,3.6449999809265137,0.0,0.0
369,2025-08-01 11:46:00-04:00,2084,3.6449999809265137,3.6549999713897705,3.6449999809265137,3.6549999713897705,0.0,0.0
370,2025-08-01 11:47:00-04:00,121,3.6549999713897705,3.6549999713897705,3.6549999713897705,3.6549999713897705,0.0,0.0
371,2025-08-01 11:49:00-04:00,358,3.6549999713897705,3.6549999713897705,3.6549999713897705,3.6549999713897705,0.0,0.0
372,2025-08-01 11:50:00-04:00,636,3.6600000858306885,3.6600000858306885,3.6547999382019043,3.6547999382019043,0.0,0.0
373,2025-08-01 11:51:00-04:00,108,3.6549999713897705,3.6549999713897705,3.6549999713897705,3.6549999713897705,0.0,0.0
374,2025-08-01 11:52:00-04:00,165,3.6549999713897705,3.6549999713897705,3.6549999713897705,3.6549999713897705,0.0,0.0
375,2025-08-01 11:53:00-04:00,2850,3.6500000953674316,3.6500000953674316,3.6500000953674316,3.6500000953674316,0.0,0.0
376,2025-08-01 11:54:00-04:00,5933,3.6449999809265137,3.6449999809265137,3.6449999809265137,3.6449999809265137,0.0,0.0
377,2025-08-01 11:55:00-04:00,6134,3.6449999809265137,3.6500000953674316,3.6449999809265137,3.6500000953674316,0.0,0.0
378,2025-08-01 11:56:00-04:00,1060,3.6500000953674316,3.6566998958587646,3.6500000953674316,3.6549999713897705,0.0,0.0
379,2025-08-01 11:57:00-04:00,2485,3.6500000953674316,3.6500000953674316,3.640000104904175,3.640000104904175,0.0,0.0
380,2025-08-01 12:00:00-04:00,4931,3.6491000652313232,3.6491000652313232,3.6449999809265137,3.6449999809265137,0.0,0.0
381,2025-08-01 12:02:00-04:00,1851,3.640000104904175,3.640000104904175,3.634999990463257,3.634999990463257,0.0,0.0
382,2025-08-01 12:03:00-04:00,202,3.634999990463257,3.634999990463257,3.634999990463257,3.634999990463257,0.0,0.0
383,2025-08-01 12:04:00-04:00,202,3.634999990463257,3.634999990463257,3.634999990463257,3.634999990463257,0.0,0.0
384,2025-08-01 12:05:00-04:00,5628,3.636699914932251,3.636699914932251,3.634999990463257,3.634999990463257,0.0,0.0
385,2025-08-01 12:06:00-04:00,3578,3.634999990463257,3.646699905395508,3.634999990463257,3.646699905395508,0.0,0.0
386,2025-08-01 12:07:00-04:00,100,3.6449999809265137,3.6449999809265137,3.6449999809265137,3.6449999809265137,0.0,0.0
387,2025-08-01 12:08:00-04:00,560,3.646699905395508,3.646699905395508,3.6449999809265137,3.6449999809265137,0.0,0.0
388,2025-08-01 12:10:00-04:00,337,3.6449999809265137,3.6449999809265137,3.6449999809265137,3.6449999809265137,0.0,0.0
389,2025-08-01 12:11:00-04:00,154,3.6449999809265137,3.6449999809265137,3.6449999809265137,3.6449999809265137,0.0,0.0
390,2025-08-01 12:12:00-04:00,1608,3.648900032043457,3.649899959564209,3.640000104904175,3.6449999809265137,0.0,0.0
391,2025-08-01 12:13:00-04:00,210,3.6449999809265137,3.6449999809265137,3.6449999809265137,3.6449999809265137,0.0,0.0
392,2025-08-01 12:14:00-04:00,329,3.6449999809265137,3.6449999809265137,3.6449999809265137,3.6449999809265137,0.0,0.0
393,2025-08-01 12:15:00-04:00,105,3.6449999809265137,3.6449999809265137,3.6449999809265137,3.6449999809265137,0.0,0.0
394,2025-08-01 12:16:00-04:00,321,3.6449999809265137,3.6449999809265137,3.6449999809265137,3.6449999809265137,0.0,0.0
395,2025-08-01 12:17:00-04:00,227,3.6449999809265137,3.6449999809265137,3.6449999809265137,3.6449999809265137,0.0,0.0
396,2025-08-01 12:18:00-04:00,289,3.6449999809265137,3.6449999809265137,3.6449999809265137,3.6449999809265137,0.0,0.0
397,2025-08-01 12:19:00-04:00,116,3.6449999809265137,3.6449999809265137,3.6449999809265137,3.6449999809265137,0.0,0.0
398,2025-08-01 12:20:00-04:00,771,3.6449999809265137,3.6500000953674316,3.6449999809265137,3.649899959564209,0.0,0.0
399,2025-08-01 12:21:00-04:00,298,3.6449999809265137,3.6449999809265137,3.6449999809265137,3.6449999809265137,0.0,0.0
400,2025-08-01 12:22:00-04:00,1924,3.6449999809265137,3.6549999713897705,3.6449999809265137,3.6549999713897705,0.0,0.0
401,2025-08-01 12:24:00-04:00,3528,3.6500000953674316,3.6500000953674316,3.634999990463257,3.640000104904175,0.0,0.0
402,2025-08-01 12:25:00-04:00,101,3.640000104904175,3.640000104904175,3.640000104904175,3.640000104904175,0.0,0.0
403,2025-08-01 12:26:00-04:00,270,3.640000104904175,3.640000104904175,3.640000104904175,3.640000104904175,0.0,0.0
404,2025-08-01 12:27:00-04:00,828,3.640000104904175,3.640000104904175,3.640000104904175,3.640000104904175,0.0,0.0
405,2025-08-01 12:28:00-04:00,102,3.640000104904175,3.640000104904175,3.640000104904175,3.640000104904175,0.0,0.0
406,2025-08-01 12:29:00-04:00,1718,3.6401000022888184,3.6401000022888184,3.6401000022888184,3.6401000022888184,0.0,0.0
407,2025-08-01 12:31:00-04:00,1759,3.640000104904175,3.640000104904175,3.634999990463257,3.634999990463257,0.0,0.0
408,2025-08-01 12:32:00-04:00,100,3.634999990463257,3.634999990463257,3.634999990463257,3.634999990463257,0.0,0.0
409,2025-08-01 12:33:00-04:00,2285,3.634999990463257,3.6449999809265137,3.634999990463257,3.640000104904175,0.0,0.0
410,2025-08-01 12:34:00-04:00,100,3.640000104904175,3.640000104904175,3.640000104904175,3.640000104904175,0.0,0.0
411,2025-08-01 12:35:00-04:00,229,3.6449999809265137,3.6449999809265137,3.6449999809265137,3.6449999809265137,0.0,0.0
412,2025-08-01 12:36:00-04:00,183,3.6449999809265137,3.6449999809265137,3.6449999809265137,3.6449999809265137,0.0,0.0
413,2025-08-01 12:38:00-04:00,548,3.6449999809265137,3.6449999809265137,3.6449999809265137,3.6449999809265137,0.0,0.0
414,2025-08-01 12:39:00-04:00,713,3.6449999809265137,3.6449999809265137,3.640000104904175,3.640000104904175,0.0,0.0
415,2025-08-01 12:40:00-04:00,100,3.640000104904175,3.640000104904175,3.640000104904175,3.640000104904175,0.0,0.0
416,2025-08-01 12:41:00-04:00,591,3.6449999809265137,3.6449999809265137,3.6449999809265137,3.6449999809265137,0.0,0.0
417,2025-08-01 12:44:00-04:00,508,3.640000104904175,3.640000104904175,3.640000104904175,3.640000104904175,0.0,0.0
418,2025-08-01 12:45:00-04:00,700,3.6449999809265137,3.6449999809265137,3.640000104904175,3.640000104904175,0.0,0.0
419,2025-08-01 12:46:00-04:00,100,3.6449999809265137,3.6449999809265137,3.6449999809265137,3.6449999809265137,0.0,0.0
420,2025-08-01 12:48:00-04:00,528,3.6449999809265137,3.6449999809265137,3.6449999809265137,3.6449999809265137,0.0,0.0
421,2025-08-01 12:49:00-04:00,514,3.640000104904175,3.6449999809265137,3.640000104904175,3.640000104904175,0.0,0.0
422,2025-08-01 12:50:00-04:00,924,3.640000104904175,3.6449999809265137,3.640000104904175,3.640000104904175,0.0,0.0
423,2025-08-01 12:51:00-04:00,1390,3.6449999809265137,3.6449999809265137,3.6449999809265137,3.6449999809265137,0.0,0.0
424,2025-08-01 12:53:00-04:00,1863,3.6449999809265137,3.6489999294281006,3.640000104904175,3.640000104904175,0.0,0.0
425,2025-08-01 12:54:00-04:00,1436,3.6449999809265137,3.6449999809265137,3.640000104904175,3.640000104904175,0.0,0.0
426,2025-08-01 12:58:00-04:00,279,3.640000104904175,3.640000104904175,3.640000104904175,3.640000104904175,0.0,0.0
427,2025-08-01 12:59:00-04:00,616,3.640000104904175,3.640000104904175,3.640000104904175,3.640000104904175,0.0,0.0
428,2025-08-01 13:00:00-04:00,911,3.6449999809265137,3.6449999809265137,3.640000104904175,3.640000104904175,0.0,0.0
429,2025-08-01 13:01:00-04:00,133,3.6449999809265137,3.6449999809265137,3.6449999809265137,3.6449999809265137,0.0,0.0
430,2025-08-01 13:02:00-04:00,3393,3.640000104904175,3.640000104904175,3.630000114440918,3.634999990463257,0.0,0.0
431,2025-08-01 13:03:00-04:00,6076,3.630000114440918,3.630000114440918,3.625,3.626699924468994,0.0,0.0
432,2025-08-01 13:04:00-04:00,517,3.625,3.625,3.625,3.625,0.0,0.0
433,2025-08-01 13:05:00-04:00,423,3.625,3.625,3.625,3.625,0.0,0.0
434,2025-08-01 13:06:00-04:00,599,3.625,3.6289000511169434,3.625,3.625,0.0,0.0
435,2025-08-01 13:07:00-04:00,2697,3.625,3.6291000843048096,3.619999885559082,3.625,0.0,0.0
436,2025-08-01 13:08:00-04:00,226,3.625,3.625,3.625,3.625,0.0,0.0
437,2025-08-01 13:09:00-04:00,748,3.625,3.625,3.625,3.625,0.0,0.0
438,2025-08-01 13:10:00-04:00,3641,3.625,3.634999990463257,3.625,3.634999990463257,0.0,0.0
439,2025-08-01 13:12:00-04:00,246,3.634999990463257,3.634999990463257,3.634999990463257,3.634999990463257,0.0,0.0
440,2025-08-01 13:13:00-04:00,463,3.634999990463257,3.634999990463257,3.630000114440918,3.634999990463257,0.0,0.0
441,2025-08-01 13:16:00-04:00,3728,3.636699914932251,3.636699914932251,3.630000114440918,3.630000114440918,0.0,0.0
442,2025-08-01 13:17:00-04:00,337,3.634999990463257,3.634999990463257,3.634999990463257,3.634999990463257,0.0,0.0
443,2025-08-01 13:18:00-04:00,522,3.630000114440918,3.630000114440918,3.630000114440918,3.630000114440918,0.0,0.0
444,2025-08-01 13:19:00-04:00,419,3.634999990463257,3.634999990463257,3.630000114440918,3.634999990463257,0.0,0.0
445,2025-08-01 13:21:00-04:00,766,3.634999990463257,3.634999990463257,3.630000114440918,3.630000114440918,0.0,0.0
446,2025-08-01 13:22:00-04:00,331,3.634999990463257,3.634999990463257,3.630000114440918,3.630000114440918,0.0,0.0
447,2025-08-01 13:23:00-04:00,502,3.630000114440918,3.630000114440918,3.630000114440918,3.630000114440918,0.0,0.0
448,2025-08-01 13:24:00-04:00,151,3.634999990463257,3.634999990463257,3.634999990463257,3.634999990463257,0.0,0.0
449,2025-08-01 13:25:00-04:00,756,3.630000114440918,3.630000114440918,3.630000114440918,3.630000114440918,0.0,0.0
450,2025-08-01 13:26:00-04:00,1240,3.634999990463257,3.634999990463257,3.630000114440918,3.634999990463257,0.0,0.0
451,2025-08-01 13:27:00-04:00,566,3.634999990463257,3.634999990463257,3.634999990463257,3.634999990463257,0.0,0.0
452,2025-08-01 13:31:00-04:00,993,3.633500099182129,3.634999990463257,3.630000114440918,3.634999990463257,0.0,0.0
453,2025-08-01 13:32:00-04:00,626,3.630000114440918,3.630000114440918,3.630000114440918,3.630000114440918,0.0,0.0
454,2025-08-01 13:33:00-04:00,113,3.634999990463257,3.634999990463257,3.634999990463257,3.634999990463257,0.0,0.0
455,2025-08-01 13:34:00-04:00,229,3.634999990463257,3.634999990463257,3.634999990463257,3.634999990463257,0.0,0.0
456,2025-08-01 13:35:00-04:00,264,3.634999990463257,3.634999990463257,3.634999990463257,3.634999990463257,0.0,0.0
457,2025-08-01 13:37:00-04:00,1158,3.630000114440918,3.630000114440918,3.630000114440918,3.630000114440918,0.0,0.0
458,2025-08-01 13:38:00-04:00,716,3.630000114440918,3.630000114440918,3.630000114440918,3.630000114440918,0.0,0.0
459,2025-08-01 13:39:00-04:00,271,3.634999990463257,3.634999990463257,3.634999990463257,3.634999990463257,0.0,0.0
460,2025-08-01 13:41:00-04:00,152,3.634999990463257,3.634999990463257,3.634999990463257,3.634999990463257,0.0,0.0
461,2025-08-01 13:42:00-04:00,733,3.630000114440918,3.630000114440918,3.630000114440918,3.630000114440918,0.0,0.0
462,2025-08-01 13:43:00-04:00,100,3.634999990463257,3.634999990463257,3.634999990463257,3.634999990463257,0.0,0.0
463,2025-08-01 13:44:00-04:00,713,3.630000114440918,3.630000114440918,3.630000114440918,3.630000114440918,0.0,0.0
464,2025-08-01 13:46:00-04:00,3134,3.630000114440918,3.630000114440918,3.630000114440918,3.630000114440918,0.0,0.0
465,2025-08-01 13:47:00-04:00,1323,3.625,3.626699924468994,3.625,3.625,0.0,0.0
466,2025-08-01 13:48:00-04:00,877,3.625,3.625,3.625,3.625,0.0,0.0
467,2025-08-01 13:49:00-04:00,677,3.625,3.625,3.625,3.625,0.0,0.0
468,2025-08-01 13:50:00-04:00,1098,3.625,3.630000114440918,3.619999885559082,3.625,0.0,0.0
469,2025-08-01 13:51:00-04:00,448,3.625,3.625,3.625,3.625,0.0,0.0
470,2025-08-01 13:52:00-04:00,641,3.625,3.630000114440918,3.619999885559082,3.630000114440918,0.0,0.0
471,2025-08-01 13:53:00-04:00,891,3.625,3.630000114440918,3.625,3.625,0.0,0.0
472,2025-08-01 13:54:00-04:00,766,3.625,3.625,3.625,3.625,0.0,0.0
473,2025-08-01 13:55:00-04:00,796,3.625,3.625,3.625,3.625,0.0,0.0
474,2025-08-01 14:00:00-04:00,600,3.625,3.625,3.625,3.625,0.0,0.0
475,2025-08-01 14:01:00-04:00,213,3.625,3.625,3.625,3.625,0.0,0.0
476,2025-08-01 14:02:00-04:00,8252,3.625,3.625,3.615000009536743,3.615000009536743,0.0,0.0
477,2025-08-01 14:03:00-04:00,930,3.615000009536743,3.615000009536743,3.609999895095825,3.609999895095825,0.0,0.0
478,2025-08-01 14:06:00-04:00,899,3.619999885559082,3.619999885559082,3.615000009536743,3.615000009536743,0.0,0.0
479,2025-08-01 14:07:00-04:00,841,3.615000009536743,3.615000009536743,3.615000009536743,3.615000009536743,0.0,0.0
480,2025-08-01 14:08:00-04:00,258,3.615000009536743,3.615000009536743,3.615000009536743,3.615000009536743,0.0,0.0
481,2025-08-01 14:09:00-04:00,1176,3.615000009536743,3.619999885559082,3.615000009536743,3.615000009536743,0.0,0.0
482,2025-08-01 14:10:00-04:00,460,3.615000009536743,3.615000009536743,3.615000009536743,3.615000009536743,0.0,0.0
483,2025-08-01 14:11:00-04:00,550,3.615000009536743,3.615000009536743,3.609999895095825,3.615000009536743,0.0,0.0
484,2025-08-01 14:12:00-04:00,200,3.609999895095825,3.615000009536743,3.609999895095825,3.615000009536743,0.0,0.0
485,2025-08-01 14:13:00-04:00,588,3.615000009536743,3.615000009536743,3.615000009536743,3.615000009536743,0.0,0.0
486,2025-08-01 14:14:00-04:00,625,3.609999895095825,3.619999885559082,3.609999895095825,3.619999885559082,0.0,0.0
487,2025-08-01 14:15:00-04:00,211,3.615000009536743,3.615000009536743,3.615000009536743,3.615000009536743,0.0,0.0
488,2025-08-01 14:16:00-04:00,343,3.609999895095825,3.615000009536743,3.609999895095825,3.615000009536743,0.0,0.0
489,2025-08-01 14:17:00-04:00,1140,3.615000009536743,3.615000009536743,3.615000009536743,3.615000009536743,0.0,0.0
490,2025-08-01 14:18:00-04:00,473,3.619999885559082,3.619999885559082,3.615000009536743,3.615000009536743,0.0,0.0
491,2025-08-01 14:19:00-04:00,201,3.615000009536743,3.615000009536743,3.615000009536743,3.615000009536743,0.0,0.0
492,2025-08-01 14:20:00-04:00,1153,3.615000009536743,3.615000009536743,3.615000009536743,3.615000009536743,0.0,0.0
493,2025-08-01 14:22:00-04:00,502,3.615000009536743,3.615000009536743,3.615000009536743,3.615000009536743,0.0,0.0
494,2025-08-01 14:23:00-04:00,831,3.615000009536743,3.615000009536743,3.615000009536743,3.615000009536743,0.0,0.0
495,2025-08-01 14:24:00-04:00,3542,3.619999885559082,3.628999948501587,3.619999885559082,3.625,0.0,0.0
496,2025-08-01 14:25:00-04:00,228,3.625,3.625,3.625,3.625,0.0,0.0
497,2025-08-01 14:26:00-04:00,885,3.6298999786376953,3.6298999786376953,3.625,3.625,0.0,0.0
498,2025-08-01 14:27:00-04:00,3707,3.625,3.634999990463257,3.625,3.634999990463257,0.0,0.0
499,2025-08-01 14:30:00-04:00,604,3.630000114440918,3.634999990463257,3.630000114440918,3.634999990463257,0.0,0.0
500,2025-08-01 14:31:00-04:00,1869,3.634999990463257,3.640000104904175,3.634999990463257,3.634999990463257,0.0,0.0
501,2025-08-01 14:32:00-04:00,624,3.634999990463257,3.634999990463257,3.634999990463257,3.634999990463257,0.0,0.0
502,2025-08-01 14:33:00-04:00,271,3.634999990463257,3.634999990463257,3.634999990463257,3.634999990463257,0.0,0.0
503,2025-08-01 14:34:00-04:00,641,3.634999990463257,3.634999990463257,3.634999990463257,3.634999990463257,0.0,0.0
504,2025-08-01 14:35:00-04:00,387,3.634999990463257,3.634999990463257,3.634999990463257,3.634999990463257,0.0,0.0
505,2025-08-01 14:36:00-04:00,9162,3.634999990463257,3.6449999809265137,3.634999990463257,3.6449999809265137,0.0,0.0
506,2025-08-01 14:37:00-04:00,520,3.6449999809265137,3.6449999809265137,3.6449999809265137,3.6449999809265137,0.0,0.0
507,2025-08-01 14:38:00-04:00,114,3.6449999809265137,3.6449999809265137,3.6449999809265137,3.6449999809265137,0.0,0.0
508,2025-08-01 14:39:00-04:00,562,3.6449999809265137,3.6449999809265137,3.6449999809265137,3.6449999809265137,0.0,0.0
509,2025-08-01 14:40:00-04:00,638,3.6449999809265137,3.6449999809265137,3.640000104904175,3.640000104904175,0.0,0.0
510,2025-08-01 14:41:00-04:00,2521,3.6449999809265137,3.6500000953674316,3.6449999809265137,3.6500000953674316,0.0,0.0
511,2025-08-01 14:42:00-04:00,200,3.6549999713897705,3.6549999713897705,3.6549999713897705,3.6549999713897705,0.0,0.0
512,2025-08-01 14:43:00-04:00,318,3.6549999713897705,3.6549999713897705,3.6549999713897705,3.6549999713897705,0.0,0.0
513,2025-08-01 14:44:00-04:00,425,3.6549999713897705,3.6549999713897705,3.6549999713897705,3.6549999713897705,0.0,0.0
514,2025-08-01 14:45:00-04:00,387,3.6549999713897705,3.6549999713897705,3.6549999713897705,3.6549999713897705,0.0,0.0
515,2025-08-01 14:46:00-04:00,613,3.6500000953674316,3.6500000953674316,3.6500000953674316,3.6500000953674316,0.0,0.0
516,2025-08-01 14:47:00-04:00,909,3.6510000228881836,3.6549999713897705,3.6510000228881836,3.6549999713897705,0.0,0.0
517,2025-08-01 14:48:00-04:00,128,3.6549999713897705,3.6549999713897705,3.6549999713897705,3.6549999713897705,0.0,0.0
518,2025-08-01 14:49:00-04:00,214,3.6549999713897705,3.6549999713897705,3.6549999713897705,3.6549999713897705,0.0,0.0
519,2025-08-01 14:50:00-04:00,1225,3.6500000953674316,3.6500000953674316,3.6500000953674316,3.6500000953674316,0.0,0.0
520,2025-08-01 14:51:00-04:00,5835,3.6500000953674316,3.6500000953674316,3.6500000953674316,3.6500000953674316,0.0,0.0
521,2025-08-01 14:53:00-04:00,4934,3.6405999660491943,3.6405999660491943,3.634999990463257,3.634999990463257,0.0,0.0
522,2025-08-01 14:54:00-04:00,1300,3.634999990463257,3.634999990463257,3.630000114440918,3.630000114440918,0.0,0.0
523,2025-08-01 14:55:00-04:00,1321,3.634999990463257,3.634999990463257,3.634999990463257,3.634999990463257,0.0,0.0
524,2025-08-01 14:56:00-04:00,328,3.634999990463257,3.634999990463257,3.634999990463257,3.634999990463257,0.0,0.0
525,2025-08-01 14:57:00-04:00,1073,3.630000114440918,3.634999990463257,3.630000114440918,3.634999990463257,0.0,0.0
526,2025-08-01 14:58:00-04:00,912,3.634999990463257,3.634999990463257,3.634999990463257,3.634999990463257,0.0,0.0
527,2025-08-01 14:59:00-04:00,2231,3.6356000900268555,3.6356000900268555,3.630000114440918,3.634999990463257,0.0,0.0
528,2025-08-01 15:00:00-04:00,1034,3.634999990463257,3.640000104904175,3.634999990463257,3.634999990463257,0.0,0.0
529,2025-08-01 15:01:00-04:00,520,3.634999990463257,3.634999990463257,3.634999990463257,3.634999990463257,0.0,0.0
530,2025-08-01 15:02:00-04:00,861,3.634999990463257,3.640000104904175,3.634999990463257,3.634999990463257,0.0,0.0
531,2025-08-01 15:03:00-04:00,1199,3.634999990463257,3.634999990463257,3.634999990463257,3.634999990463257,0.0,0.0
532,2025-08-01 15:04:00-04:00,1186,3.634999990463257,3.640000104904175,3.634999990463257,3.634999990463257,0.0,0.0
533,2025-08-01 15:05:00-04:00,652,3.634999990463257,3.634999990463257,3.634999990463257,3.634999990463257,0.0,0.0
534,2025-08-01 15:06:00-04:00,857,3.634999990463257,3.634999990463257,3.634999990463257,3.634999990463257,0.0,0.0
535,2025-08-01 15:07:00-04:00,1786,3.634999990463257,3.640000104904175,3.634999990463257,3.640000104904175,0.0,0.0
536,2025-08-01 15:08:00-04:00,5753,3.634999990463257,3.6449999809265137,3.634999990463257,3.6449999809265137,0.0,0.0
537,2025-08-01 15:10:00-04:00,2008,3.6449999809265137,3.6449999809265137,3.6449999809265137,3.6449999809265137,0.0,0.0
538,2025-08-01 15:11:00-04:00,920,3.6449999809265137,3.6449999809265137,3.6449999809265137,3.6449999809265137,0.0,0.0
539,2025-08-01 15:14:00-04:00,1800,3.640000104904175,3.6449999809265137,3.640000104904175,3.6449999809265137,0.0,0.0
540,2025-08-01 15:15:00-04:00,5721,3.648099899291992,3.648099899291992,3.640000104904175,3.6449999809265137,0.0,0.0
541,2025-08-01 15:16:00-04:00,1122,3.6449999809265137,3.6449999809265137,3.640000104904175,3.6449999809265137,0.0,0.0
542,2025-08-01 15:17:00-04:00,568,3.6449999809265137,3.6449999809265137,3.640000104904175,3.640000104904175,0.0,0.0
543,2025-08-01 15:18:00-04:00,1588,3.6449999809265137,3.6449999809265137,3.640000104904175,3.640000104904175,0.0,0.0
544,2025-08-01 15:19:00-04:00,2717,3.6449999809265137,3.6449999809265137,3.640000104904175,3.640000104904175,0.0,0.0
545,2025-08-01 15:20:00-04:00,472,3.6449999809265137,3.6449999809265137,3.640000104904175,3.640000104904175,0.0,0.0
546,2025-08-01 15:21:00-04:00,1458,3.6449999809265137,3.6449999809265137,3.640000104904175,3.640000104904175,0.0,0.0
547,2025-08-01 15:22:00-04:00,387,3.6449999809265137,3.6449999809265137,3.6447999477386475,3.6447999477386475,0.0,0.0
548,2025-08-01 15:23:00-04:00,3223,3.640000104904175,3.6449999809265137,3.640000104904175,3.6449999809265137,0.0,0.0
549,2025-08-01 15:24:00-04:00,3377,3.6449999809265137,3.6449999809265137,3.640000104904175,3.6449999809265137,0.0,0.0
550,2025-08-01 15:25:00-04:00,895,3.6449999809265137,3.6449999809265137,3.6449999809265137,3.6449999809265137,0.0,0.0
551,2025-08-01 15:26:00-04:00,734,3.6449999809265137,3.6449999809265137,3.640000104904175,3.640000104904175,0.0,0.0
552,2025-08-01 15:27:00-04:00,892,3.6449999809265137,3.6449999809265137,3.640000104904175,3.640000104904175,0.0,0.0
553,2025-08-01 15:28:00-04:00,3139,3.640000104904175,3.6447999477386475,3.640000104904175,3.6447999477386475,0.0,0.0
554,2025-08-01 15:29:00-04:00,1097,3.640000104904175,3.640000104904175,3.640000104904175,3.640000104904175,0.0,0.0
555,2025-08-01 15:30:00-04:00,7571,3.640000104904175,3.641200065612793,3.630000114440918,3.641200065612793,0.0,0.0
556,2025-08-01 15:31:00-04:00,2146,3.6449999809265137,3.6449999809265137,3.640000104904175,3.640000104904175,0.0,0.0
557,2025-08-01 15:32:00-04:00,4891,3.6500000953674316,3.6500000953674316,3.6449999809265137,3.6500000953674316,0.0,0.0
558,2025-08-01 15:33:00-04:00,606,3.6500000953674316,3.6549999713897705,3.6500000953674316,3.6500000953674316,0.0,0.0
559,2025-08-01 15:34:00-04:00,6821,3.6549999713897705,3.6549999713897705,3.640000104904175,3.640000104904175,0.0,0.0
560,2025-08-01 15:35:00-04:00,1573,3.6449999809265137,3.6449999809265137,3.640000104904175,3.6449999809265137,0.0,0.0
561,2025-08-01 15:36:00-04:00,3085,3.640000104904175,3.640000104904175,3.630000114440918,3.634999990463257,0.0,0.0
562,2025-08-01 15:37:00-04:00,1152,3.634999990463257,3.634999990463257,3.634999990463257,3.634999990463257,0.0,0.0
563,2025-08-01 15:38:00-04:00,1819,3.634999990463257,3.634999990463257,3.634999990463257,3.634999990463257,0.0,0.0
564,2025-08-01 15:39:00-04:00,1886,3.634999990463257,3.634999990463257,3.630000114440918,3.634999990463257,0.0,0.0
565,2025-08-01 15:40:00-04:00,9807,3.634999990463257,3.634999990463257,3.619999885559082,3.625,0.0,0.0
566,2025-08-01 15:41:00-04:00,1350,3.625,3.625,3.619999885559082,3.625,0.0,0.0
567,2025-08-01 15:42:00-04:00,1870,3.619999885559082,3.625,3.619999885559082,3.625,0.0,0.0
568,2025-08-01 15:43:00-04:00,2131,3.625,3.630000114440918,3.619999885559082,3.6208999156951904,0.0,0.0
569,2025-08-01 15:44:00-04:00,5320,3.619999885559082,3.625,3.609999895095825,3.609999895095825,0.0,0.0
570,2025-08-01 15:45:00-04:00,11817,3.609999895095825,3.609999895095825,3.6050000190734863,3.609999895095825,0.0,0.0
571,2025-08-01 15:46:00-04:00,1812,3.615000009536743,3.6152000427246094,3.615000009536743,3.6152000427246094,0.0,0.0
572,2025-08-01 15:47:00-04:00,9256,3.615000009536743,3.625,3.615000009536743,3.619999885559082,0.0,0.0
573,2025-08-01 15:48:00-04:00,1992,3.625,3.625,3.619999885559082,3.625,0.0,0.0
574,2025-08-01 15:49:00-04:00,13172,3.619999885559082,3.6254000663757324,3.609999895095825,3.6254000663757324,0.0,0.0
575,2025-08-01 15:50:00-04:00,754,3.625,3.625,3.625,3.625,0.0,0.0
576,2025-08-01 15:51:00-04:00,2323,3.625,3.625,3.619999885559082,3.619999885559082,0.0,0.0
577,2025-08-01 15:52:00-04:00,2072,3.625,3.625,3.625,3.625,0.0,0.0
578,2025-08-01 15:53:00-04:00,1406,3.619999885559082,3.625,3.619999885559082,3.619999885559082,0.0,0.0
579,2025-08-01 15:54:00-04:00,4819,3.619999885559082,3.625,3.619999885559082,3.625,0.0,0.0
580,2025-08-01 15:55:00-04:00,16704,3.619999885559082,3.634999990463257,3.619999885559082,3.634999990463257,0.0,0.0
581,2025-08-01 15:56:00-04:00,11200,3.634999990463257,3.634999990463257,3.625,3.625,0.0,0.0
582,2025-08-01 15:57:00-04:00,4064,3.625,3.625,3.619999885559082,3.619999885559082,0.0,0.0
583,2025-08-01 15:58:00-04:00,11381,3.619999885559082,3.625,3.609999895095825,3.609999895095825,0.0,0.0
584,2025-08-01 15:59:00-04:00,15891,3.609999895095825,3.615000009536743,3.609999895095825,3.609999895095825,0.0,0.0
585,2025-08-04 09:30:00-04:00,9075,3.640000104904175,3.6649999618530273,3.640000104904175,3.6649999618530273,0.0,0.0
586,2025-08-04 09:31:00-04:00,18555,3.619999885559082,3.6449999809265137,3.619999885559082,3.640000104904175,0.0,0.0
587,2025-08-04 09:32:00-04:00,231,3.6500000953674316,3.6500000953674316,3.6500000953674316,3.6500000953674316,0.0,0.0
588,2025-08-04 09:33:00-04:00,303,3.6500000953674316,3.6500000953674316,3.6500000953674316,3.6500000953674316,0.0,0.0
589,2025-08-04 09:34:00-04:00,341,3.6600000858306885,3.6600000858306885,3.6600000858306885,3.6600000858306885,0.0,0.0
590,2025-08-04 09:35:00-04:00,5410,3.6600000858306885,3.6700000762939453,3.6600000858306885,3.6698999404907227,0.0,0.0
591,2025-08-04 09:36:00-04:00,10204,3.6600000858306885,3.6700000762939453,3.6600000858306885,3.6700000762939453,0.0,0.0
592,2025-08-04 09:37:00-04:00,415,3.676500082015991,3.680000066757202,3.676500082015991,3.680000066757202,0.0,0.0
593,2025-08-04 09:39:00-04:00,1604,3.674999952316284,3.680000066757202,3.674999952316284,3.680000066757202,0.0,0.0
594,2025-08-04 09:40:00-04:00,2488,3.690000057220459,3.690000057220459,3.690000057220459,3.690000057220459,0.0,0.0
595,2025-08-04 09:41:00-04:00,674,3.680000066757202,3.680000066757202,3.680000066757202,3.680000066757202,0.0,0.0
596,2025-08-04 09:42:00-04:00,2928,3.690000057220459,3.690000057220459,3.690000057220459,3.690000057220459,0.0,0.0
597,2025-08-04 09:43:00-04:00,111,3.684999942779541,3.684999942779541,3.684999942779541,3.684999942779541,0.0,0.0
598,2025-08-04 09:44:00-04:00,219,3.684999942779541,3.684999942779541,3.684999942779541,3.684999942779541,0.0,0.0
599,2025-08-04 09:45:00-04:00,2368,3.690000057220459,3.7100000381469727,3.690000057220459,3.7100000381469727,0.0,0.0
600,2025-08-04 09:46:00-04:00,362,3.7100000381469727,3.7100000381469727,3.7100000381469727,3.7100000381469727,0.0,0.0
601,2025-08-04 09:47:00-04:00,250,3.7149999141693115,3.7200000286102295,3.7149999141693115,3.7200000286102295,0.0,0.0
602,2025-08-04 09:49:00-04:00,263,3.7200000286102295,3.7200000286102295,3.7200000286102295,3.7200000286102295,0.0,0.0
603,2025-08-04 09:50:00-04:00,402,3.7249999046325684,3.7249999046325684,3.7249999046325684,3.7249999046325684,0.0,0.0
604,2025-08-04 09:52:00-04:00,2121,3.7249999046325684,3.7249999046325684,3.7249999046325684,3.7249999046325684,0.0,0.0
605,2025-08-04 09:53:00-04:00,5538,3.7300000190734863,3.744999885559082,3.7300000190734863,3.740000009536743,0.0,0.0
606,2025-08-04 09:54:00-04:00,1850,3.740000009536743,3.740000009536743,3.740000009536743,3.740000009536743,0.0,0.0
607,2025-08-04 09:56:00-04:00,307,3.7300000190734863,3.7300000190734863,3.7300000190734863,3.7300000190734863,0.0,0.0
608,2025-08-04 09:57:00-04:00,271,3.7488999366760254,3.7488999366760254,3.7488999366760254,3.7488999366760254,0.0,0.0
609,2025-08-04 09:58:00-04:00,509,3.740000009536743,3.740000009536743,3.740000009536743,3.740000009536743,0.0,0.0
610,2025-08-04 09:59:00-04:00,5216,3.7320001125335693,3.75,3.7320001125335693,3.75,0.0,0.0
611,2025-08-04 10:00:00-04:00,2300,3.7300000190734863,3.7300000190734863,3.7300000190734863,3.7300000190734863,0.0,0.0
612,2025-08-04 10:01:00-04:00,1262,3.7300000190734863,3.734999895095825,3.7300000190734863,3.7300000190734863,0.0,0.0
613,2025-08-04 10:02:00-04:00,8204,3.7300000190734863,3.75,3.7300000190734863,3.744999885559082,0.0,0.0
614,2025-08-04 10:03:00-04:00,1422,3.740000009536743,3.740000009536743,3.7300000190734863,3.7300000190734863,0.0,0.0
615,2025-08-04 10:04:00-04:00,694,3.7249999046325684,3.7249999046325684,3.7200000286102295,3.7249999046325684,0.0,0.0
616,2025-08-04 10:06:00-04:00,4825,3.7300000190734863,3.740000009536743,3.7300000190734863,3.7300000190734863,0.0,0.0
617,2025-08-04 10:08:00-04:00,149,3.7300000190734863,3.7300000190734863,3.7300000190734863,3.7300000190734863,0.0,0.0
618,2025-08-04 10:09:00-04:00,713,3.7249999046325684,3.7297000885009766,3.7249999046325684,3.7297000885009766,0.0,0.0
619,2025-08-04 10:11:00-04:00,369,3.7249999046325684,3.7249999046325684,3.7249999046325684,3.7249999046325684,0.0,0.0
620,2025-08-04 10:12:00-04:00,753,3.7200000286102295,3.7200000286102295,3.7200000286102295,3.7200000286102295,0.0,0.0
621,2025-08-04 10:14:00-04:00,10200,3.7149999141693115,3.7149999141693115,3.7100000381469727,3.7149999141693115,0.0,0.0
622,2025-08-04 10:15:00-04:00,378,3.7149999141693115,3.7149999141693115,3.7149999141693115,3.7149999141693115,0.0,0.0
623,2025-08-04 10:16:00-04:00,6584,3.7100000381469727,3.7100000381469727,3.694999933242798,3.700000047683716,0.0,0.0
624,2025-08-04 10:17:00-04:00,897,3.694999933242798,3.700000047683716,3.694999933242798,3.700000047683716,0.0,0.0
625,2025-08-04 10:20:00-04:00,2641,3.7049999237060547,3.7049999237060547,3.694999933242798,3.694999933242798,0.0,0.0
626,2025-08-04 10:21:00-04:00,10508,3.690000057220459,3.690000057220459,3.690000057220459,3.690000057220459,0.0,0.0
627,2025-08-04 10:22:00-04:00,8238,3.6965999603271484,3.6965999603271484,3.6965999603271484,3.6965999603271484,0.0,0.0
628,2025-08-04 10:23:00-04:00,349,3.694999933242798,3.694999933242798,3.694999933242798,3.694999933242798,0.0,0.0
629,2025-08-04 10:24:00-04:00,235,3.700000047683716,3.700000047683716,3.694000005722046,3.694000005722046,0.0,0.0
630,2025-08-04 10:26:00-04:00,642,3.690000057220459,3.690000057220459,3.690000057220459,3.690000057220459,0.0,0.0
631,2025-08-04 10:29:00-04:00,1293,3.694999933242798,3.700000047683716,3.690000057220459,3.690000057220459,0.0,0.0
632,2025-08-04 10:30:00-04:00,1655,3.694999933242798,3.694999933242798,3.694999933242798,3.694999933242798,0.0,0.0
633,2025-08-04 10:31:00-04:00,602,3.694999933242798,3.700000047683716,3.694999933242798,3.700000047683716,0.0,0.0
634,2025-08-04 10:32:00-04:00,5010,3.700000047683716,3.700000047683716,3.690000057220459,3.690000057220459,0.0,0.0
635,2025-08-04 10:33:00-04:00,773,3.690000057220459,3.694999933242798,3.690000057220459,3.694999933242798,0.0,0.0
636,2025-08-04 10:34:00-04:00,900,3.694999933242798,3.694999933242798,3.694999933242798,3.694999933242798,0.0,0.0
637,2025-08-04 10:35:00-04:00,337,3.694999933242798,3.694999933242798,3.694999933242798,3.694999933242798,0.0,0.0
638,2025-08-04 10:36:00-04:00,100,3.694999933242798,3.694999933242798,3.694999933242798,3.694999933242798,0.0,0.0
639,2025-08-04 10:37:00-04:00,217,3.694999933242798,3.694999933242798,3.690000057220459,3.690000057220459,0.0,0.0
640,2025-08-04 10:38:00-04:00,400,3.690000057220459,3.690000057220459,3.690000057220459,3.690000057220459,0.0,0.0
641,2025-08-04 10:40:00-04:00,927,3.690000057220459,3.690000057220459,3.680000066757202,3.680000066757202,0.0,0.0
642,2025-08-04 10:42:00-04:00,1340,3.680000066757202,3.680000066757202,3.674999952316284,3.674999952316284,0.0,0.0
643,2025-08-04 10:43:00-04:00,809,3.674999952316284,3.674999952316284,3.6700000762939453,3.674999952316284,0.0,0.0
644,2025-08-04 10:44:00-04:00,306,3.6700000762939453,3.6700000762939453,3.6700000762939453,3.6700000762939453,0.0,0.0
645,2025-08-04 10:45:00-04:00,1140,3.6649999618530273,3.6649999618530273,3.6649999618530273,3.6649999618530273,0.0,0.0
646,2025-08-04 10:46:00-04:00,133,3.6649999618530273,3.6649999618530273,3.6649999618530273,3.6649999618530273,0.0,0.0
647,2025-08-04 10:49:00-04:00,706,3.6649999618530273,3.6649999618530273,3.6649999618530273,3.6649999618530273,0.0,0.0
648,2025-08-04 10:51:00-04:00,4786,3.6600000858306885,3.6600000858306885,3.6449999809265137,3.65910005569458,0.0,0.0
649,2025-08-04 10:52:00-04:00,175,3.6549999713897705,3.6549999713897705,3.6549999713897705,3.6549999713897705,0.0,0.0
650,2025-08-04 10:54:00-04:00,1606,3.6600000858306885,3.6600000858306885,3.6549999713897705,3.6600000858306885,0.0,0.0
651,2025-08-04 10:57:00-04:00,405,3.6600000858306885,3.6600000858306885,3.6600000858306885,3.6600000858306885,0.0,0.0
652,2025-08-04 11:01:00-04:00,696,3.6500000953674316,3.6500000953674316,3.6500000953674316,3.6500000953674316,0.0,0.0
653,2025-08-04 11:02:00-04:00,301,3.6549999713897705,3.6549999713897705,3.6549999713897705,3.6549999713897705,0.0,0.0
654,2025-08-04 11:03:00-04:00,206,3.6549999713897705,3.6549999713897705,3.6549999713897705,3.6549999713897705,0.0,0.0
655,2025-08-04 11:04:00-04:00,423,3.6549999713897705,3.6549999713897705,3.6549999713897705,3.6549999713897705,0.0,0.0
656,2025-08-04 11:06:00-04:00,1016,3.6600000858306885,3.6600000858306885,3.6547000408172607,3.6549999713897705,0.0,0.0
657,2025-08-04 11:07:00-04:00,155,3.6549999713897705,3.6549999713897705,3.6549999713897705,3.6549999713897705,0.0,0.0
658,2025-08-04 11:08:00-04:00,184,3.6549999713897705,3.6549999713897705,3.6549999713897705,3.6549999713897705,0.0,0.0
659,2025-08-04 11:10:00-04:00,224,3.6549999713897705,3.6549999713897705,3.6549999713897705,3.6549999713897705,0.0,0.0
660,2025-08-04 11:12:00-04:00,10090,3.6500000953674316,3.680000066757202,3.6500000953674316,3.680000066757202,0.0,0.0
661,2025-08-04 11:13:00-04:00,308,3.674999952316284,3.674999952316284,3.674999952316284,3.674999952316284,0.0,0.0
662,2025-08-04 11:14:00-04:00,13535,3.674999952316284,3.690000057220459,3.6649999618530273,3.6649999618530273,0.0,0.0
663,2025-08-04 11:15:00-04:00,1478,3.6600000858306885,3.6600000858306885,3.6600000858306885,3.6600000858306885,0.0,0.0
664,2025-08-04 11:20:00-04:00,1160,3.6500000953674316,3.6500000953674316,3.6449999809265137,3.6449999809265137,0.0,0.0
665,2025-08-04 11:22:00-04:00,107,3.6449999809265137,3.6449999809265137,3.6449999809265137,3.6449999809265137,0.0,0.0
666,2025-08-04 11:23:00-04:00,381,3.6449999809265137,3.6500000953674316,3.6449999809265137,3.6500000953674316,0.0,0.0
667,2025-08-04 11:25:00-04:00,1081,3.6449999809265137,3.6449999809265137,3.6449999809265137,3.6449999809265137,0.0,0.0
668,2025-08-04 11:26:00-04:00,2212,3.6500000953674316,3.6500000953674316,3.6500000953674316,3.6500000953674316,0.0,0.0
669,2025-08-04 11:27:00-04:00,4005,3.6549999713897705,3.6549999713897705,3.6549999713897705,3.6549999713897705,0.0,0.0
670,2025-08-04 11:28:00-04:00,107,3.6549999713897705,3.6549999713897705,3.6549999713897705,3.6549999713897705,0.0,0.0
671,2025-08-04 11:29:00-04:00,1107,3.6600000858306885,3.6600000858306885,3.6600000858306885,3.6600000858306885,0.0,0.0
672,2025-08-04 11:30:00-04:00,5922,3.6549999713897705,3.6549999713897705,3.6500000953674316,3.6500000953674316,0.0,0.0
673,2025-08-04 11:32:00-04:00,2130,3.640000104904175,3.640000104904175,3.634999990463257,3.634999990463257,0.0,0.0
674,2025-08-04 11:33:00-04:00,325,3.634999990463257,3.634999990463257,3.630000114440918,3.630000114440918,0.0,0.0
675,2025-08-04 11:34:00-04:00,146,3.630000114440918,3.630000114440918,3.630000114440918,3.630000114440918,0.0,0.0
676,2025-08-04 11:38:00-04:00,6019,3.640000104904175,3.6500000953674316,3.640000104904175,3.6500000953674316,0.0,0.0
677,2025-08-04 11:40:00-04:00,123,3.6549999713897705,3.6549999713897705,3.6549999713897705,3.6549999713897705,0.0,0.0
678,2025-08-04 11:44:00-04:00,514,3.6500000953674316,3.6500000953674316,3.6500000953674316,3.6500000953674316,0.0,0.0
679,2025-08-04 11:45:00-04:00,1188,3.6549999713897705,3.6600000858306885,3.6549999713897705,3.6549999713897705,0.0,0.0
680,2025-08-04 11:46:00-04:00,259,3.6549999713897705,3.6549999713897705,3.6549999713897705,3.6549999713897705,0.0,0.0
681,2025-08-04 11:47:00-04:00,280,3.6600000858306885,3.6600000858306885,3.6600000858306885,3.6600000858306885,0.0,0.0
682,2025-08-04 11:49:00-04:00,1528,3.6638998985290527,3.6638998985290527,3.6638998985290527,3.6638998985290527,0.0,0.0
683,2025-08-04 11:51:00-04:00,1030,3.6649999618530273,3.6649999618530273,3.6649999618530273,3.6649999618530273,0.0,0.0
684,2025-08-04 11:52:00-04:00,5626,3.660099983215332,3.660099983215332,3.6600000858306885,3.6600000858306885,0.0,0.0
685,2025-08-04 11:55:00-04:00,501,3.6600000858306885,3.6600000858306885,3.6600000858306885,3.6600000858306885,0.0,0.0
686,2025-08-04 11:56:00-04:00,415,3.6600000858306885,3.6600000858306885,3.6600000858306885,3.6600000858306885,0.0,0.0
687,2025-08-04 11:57:00-04:00,601,3.6651999950408936,3.6651999950408936,3.6651999950408936,3.6651999950408936,0.0,0.0
688,2025-08-04 11:59:00-04:00,242,3.6649999618530273,3.6649999618530273,3.6649999618530273,3.6649999618530273,0.0,0.0
689,2025-08-04 12:02:00-04:00,1019,3.6600000858306885,3.669100046157837,3.6600000858306885,3.669100046157837,0.0,0.0
690,2025-08-04 12:03:00-04:00,126,3.6635000705718994,3.6635000705718994,3.6635000705718994,3.6635000705718994,0.0,0.0
691,2025-08-04 12:06:00-04:00,109,3.6700000762939453,3.6700000762939453,3.6700000762939453,3.6700000762939453,0.0,0.0
692,2025-08-04 12:07:00-04:00,507,3.6649999618530273,3.6649999618530273,3.6600000858306885,3.6600000858306885,0.0,0.0
693,2025-08-04 12:08:00-04:00,146,3.6600000858306885,3.6600000858306885,3.6600000858306885,3.6600000858306885,0.0,0.0
694,2025-08-04 12:11:00-04:00,609,3.6600000858306885,3.6600000858306885,3.6600000858306885,3.6600000858306885,0.0,0.0
695,2025-08-04 12:13:00-04:00,2830,3.6691999435424805,3.6700000762939453,3.6649999618530273,3.6700000762939453,0.0,0.0
696,2025-08-04 12:15:00-04:00,1267,3.6600000858306885,3.6600000858306885,3.6600000858306885,3.6600000858306885,0.0,0.0
697,2025-08-04 12:16:00-04:00,730,3.6700000762939453,3.6700000762939453,3.6700000762939453,3.6700000762939453,0.0,0.0
698,2025-08-04 12:18:00-04:00,103,3.674999952316284,3.674999952316284,3.674999952316284,3.674999952316284,0.0,0.0
699,2025-08-04 12:19:00-04:00,613,3.6767001152038574,3.6767001152038574,3.6700000762939453,3.6700000762939453,0.0,0.0
700,2025-08-04 12:20:00-04:00,110,3.6700000762939453,3.6700000762939453,3.6700000762939453,3.6700000762939453,0.0,0.0
701,2025-08-04 12:21:00-04:00,1736,3.6700000762939453,3.674999952316284,3.6649999618530273,3.6649999618530273,0.0,0.0
702,2025-08-04 12:22:00-04:00,115,3.6649999618530273,3.6649999618530273,3.6649999618530273,3.6649999618530273,0.0,0.0
703,2025-08-04 12:25:00-04:00,2224,3.6700000762939453,3.6700000762939453,3.6600000858306885,3.6600000858306885,0.0,0.0
704,2025-08-04 12:26:00-04:00,141,3.6649999618530273,3.6649999618530273,3.6649999618530273,3.6649999618530273,0.0,0.0
705,2025-08-04 12:27:00-04:00,106,3.6700000762939453,3.6700000762939453,3.6700000762939453,3.6700000762939453,0.0,0.0
706,2025-08-04 12:30:00-04:00,503,3.6600000858306885,3.6600000858306885,3.6600000858306885,3.6600000858306885,0.0,0.0
707,2025-08-04 12:31:00-04:00,140,3.6649999618530273,3.6649999618530273,3.6649999618530273,3.6649999618530273,0.0,0.0
708,2025-08-04 12:33:00-04:00,287,3.6649999618530273,3.6649999618530273,3.6649999618530273,3.6649999618530273,0.0,0.0
709,2025-08-04 12:35:00-04:00,591,3.6649999618530273,3.6649999618530273,3.6649999618530273,3.6649999618530273,0.0,0.0
710,2025-08-04 12:36:00-04:00,123,3.6600000858306885,3.6600000858306885,3.6600000858306885,3.6600000858306885,0.0,0.0
711,2025-08-04 12:38:00-04:00,103,3.6700000762939453,3.6700000762939453,3.6700000762939453,3.6700000762939453,0.0,0.0
712,2025-08-04 12:39:00-04:00,591,3.6649999618530273,3.6649999618530273,3.6649999618530273,3.6649999618530273,0.0,0.0
713,2025-08-04 12:40:00-04:00,1032,3.6649999618530273,3.6649999618530273,3.6649999618530273,3.6649999618530273,0.0,0.0
714,2025-08-04 12:42:00-04:00,124,3.6649999618530273,3.6649999618530273,3.6649999618530273,3.6649999618530273,0.0,0.0
715,2025-08-04 12:43:00-04:00,194,3.6700000762939453,3.6700000762939453,3.6700000762939453,3.6700000762939453,0.0,0.0
716,2025-08-04 12:44:00-04:00,472,3.6649999618530273,3.6649999618530273,3.6600000858306885,3.6600000858306885,0.0,0.0
717,2025-08-04 12:46:00-04:00,259,3.6649999618530273,3.6649999618530273,3.6649999618530273,3.6649999618530273,0.0,0.0
718,2025-08-04 12:48:00-04:00,516,3.6649999618530273,3.6649999618530273,3.6649999618530273,3.6649999618530273,0.0,0.0
719,2025-08-04 12:49:00-04:00,109,3.6649999618530273,3.6649999618530273,3.6649999618530273,3.6649999618530273,0.0,0.0
720,2025-08-04 12:51:00-04:00,127,3.6649999618530273,3.6649999618530273,3.6649999618530273,3.6649999618530273,0.0,0.0
721,2025-08-04 12:52:00-04:00,737,3.6600000858306885,3.6649999618530273,3.6600000858306885,3.6649999618530273,0.0,0.0
722,2025-08-04 12:54:00-04:00,1280,3.6649999618530273,3.6649999618530273,3.6649999618530273,3.6649999618530273,0.0,0.0
723,2025-08-04 12:56:00-04:00,773,3.6600000858306885,3.6600000858306885,3.6600000858306885,3.6600000858306885,0.0,0.0
724,2025-08-04 13:00:00-04:00,552,3.6600000858306885,3.6600000858306885,3.6600000858306885,3.6600000858306885,0.0,0.0
725,2025-08-04 13:04:00-04:00,619,3.6649999618530273,3.6649999618530273,3.6600000858306885,3.6600000858306885,0.0,0.0
726,2025-08-04 13:08:00-04:00,2988,3.6600000858306885,3.6600000858306885,3.6549999713897705,3.6549999713897705,0.0,0.0
727,2025-08-04 13:09:00-04:00,754,3.6549999713897705,3.6549999713897705,3.6549999713897705,3.6549999713897705,0.0,0.0
728,2025-08-04 13:13:00-04:00,408,3.6549999713897705,3.6549999713897705,3.6549999713897705,3.6549999713897705,0.0,0.0
729,2025-08-04 13:14:00-04:00,404,3.6549999713897705,3.6549999713897705,3.6549999713897705,3.6549999713897705,0.0,0.0
730,2025-08-04 13:15:00-04:00,309,3.6549999713897705,3.6549999713897705,3.6549999713897705,3.6549999713897705,0.0,0.0
731,2025-08-04 13:16:00-04:00,224,3.6549999713897705,3.6549999713897705,3.6549999713897705,3.6549999713897705,0.0,0.0
732,2025-08-04 13:17:00-04:00,220,3.6549999713897705,3.6549999713897705,3.6549999713897705,3.6549999713897705,0.0,0.0
733,2025-08-04 13:18:00-04:00,304,3.6549999713897705,3.6549999713897705,3.6549999713897705,3.6549999713897705,0.0,0.0
734,2025-08-04 13:20:00-04:00,878,3.6591999530792236,3.6591999530792236,3.6591999530792236,3.6591999530792236,0.0,0.0
735,2025-08-04 13:22:00-04:00,303,3.6549999713897705,3.6549999713897705,3.6549999713897705,3.6549999713897705,0.0,0.0
736,2025-08-04 13:23:00-04:00,320,3.6549999713897705,3.6549999713897705,3.6549999713897705,3.6549999713897705,0.0,0.0
737,2025-08-04 13:24:00-04:00,216,3.6549999713897705,3.6549999713897705,3.6549999713897705,3.6549999713897705,0.0,0.0
738,2025-08-04 13:25:00-04:00,536,3.6549999713897705,3.659899950027466,3.6549999713897705,3.65910005569458,0.0,0.0
739,2025-08-04 13:28:00-04:00,1231,3.6500000953674316,3.6549999713897705,3.6500000953674316,3.650899887084961,0.0,0.0
740,2025-08-04 13:29:00-04:00,242,3.6549999713897705,3.6549999713897705,3.6549999713897705,3.6549999713897705,0.0,0.0
741,2025-08-04 13:30:00-04:00,2037,3.6600000858306885,3.6600000858306885,3.6600000858306885,3.6600000858306885,0.0,0.0
742,2025-08-04 13:32:00-04:00,107,3.6649999618530273,3.6649999618530273,3.6649999618530273,3.6649999618530273,0.0,0.0
743,2025-08-04 13:33:00-04:00,1137,3.66129994392395,3.66129994392395,3.66129994392395,3.66129994392395,0.0,0.0
744,2025-08-04 13:35:00-04:00,603,3.6600000858306885,3.6600000858306885,3.6600000858306885,3.6600000858306885,0.0,0.0
745,2025-08-04 13:37:00-04:00,2817,3.6700000762939453,3.674999952316284,3.6649999618530273,3.674999952316284,0.0,0.0
746,2025-08-04 13:39:00-04:00,120,3.674999952316284,3.674999952316284,3.674999952316284,3.674999952316284,0.0,0.0
747,2025-08-04 13:40:00-04:00,198,3.674999952316284,3.674999952316284,3.674999952316284,3.674999952316284,0.0,0.0
748,2025-08-04 13:43:00-04:00,331,3.6700000762939453,3.674999952316284,3.6700000762939453,3.674999952316284,0.0,0.0
749,2025-08-04 13:44:00-04:00,483,3.6700000762939453,3.6700000762939453,3.6700000762939453,3.6700000762939453,0.0,0.0
750,2025-08-04 13:45:00-04:00,406,3.674999952316284,3.674999952316284,3.674999952316284,3.674999952316284,0.0,0.0
751,2025-08-04 13:47:00-04:00,774,3.6700000762939453,3.6700000762939453,3.6700000762939453,3.6700000762939453,0.0,0.0
752,2025-08-04 13:49:00-04:00,222,3.674999952316284,3.674999952316284,3.674999952316284,3.674999952316284,0.0,0.0
753,2025-08-04 13:53:00-04:00,109,3.674999952316284,3.674999952316284,3.674999952316284,3.674999952316284,0.0,0.0
754,2025-08-04 13:54:00-04:00,671,3.6700000762939453,3.6700000762939453,3.6700000762939453,3.6700000762939453,0.0,0.0
755,2025-08-04 13:55:00-04:00,135,3.674999952316284,3.674999952316284,3.674999952316284,3.674999952316284,0.0,0.0
756,2025-08-04 13:57:00-04:00,1810,3.674999952316284,3.680000066757202,3.674999952316284,3.680000066757202,0.0,0.0
757,2025-08-04 13:58:00-04:00,351,3.674999952316284,3.674999952316284,3.674999952316284,3.674999952316284,0.0,0.0
758,2025-08-04 14:00:00-04:00,1011,3.674999952316284,3.674999952316284,3.674999952316284,3.674999952316284,0.0,0.0
759,2025-08-04 14:01:00-04:00,546,3.6798999309539795,3.6798999309539795,3.6700000762939453,3.674999952316284,0.0,0.0
760,2025-08-04 14:03:00-04:00,1045,3.6791000366210938,3.6791000366210938,3.6791000366210938,3.6791000366210938,0.0,0.0
761,2025-08-04 14:04:00-04:00,2755,3.680000066757202,3.680000066757202,3.674999952316284,3.680000066757202,0.0,0.0
762,2025-08-04 14:12:00-04:00,778,3.680000066757202,3.680000066757202,3.680000066757202,3.680000066757202,0.0,0.0
763,2025-08-04 14:13:00-04:00,504,3.684999942779541,3.684999942779541,3.6809000968933105,3.6809000968933105,0.0,0.0
764,2025-08-04 14:14:00-04:00,1223,3.680000066757202,3.680000066757202,3.680000066757202,3.680000066757202,0.0,0.0
765,2025-08-04 14:19:00-04:00,1039,3.680000066757202,3.680799961090088,3.680000066757202,3.680799961090088,0.0,0.0
766,2025-08-04 14:20:00-04:00,321,3.680000066757202,3.680000066757202,3.680000066757202,3.680000066757202,0.0,0.0
767,2025-08-04 14:21:00-04:00,15224,3.684999942779541,3.690000057220459,3.684999942779541,3.684999942779541,0.0,0.0
768,2025-08-04 14:23:00-04:00,1019,3.684999942779541,3.690000057220459,3.680000066757202,3.684999942779541,0.0,0.0
769,2025-08-04 14:24:00-04:00,120,3.684999942779541,3.684999942779541,3.684999942779541,3.684999942779541,0.0,0.0
770,2025-08-04 14:26:00-04:00,2393,3.690000057220459,3.690000057220459,3.690000057220459,3.690000057220459,0.0,0.0
771,2025-08-04 14:27:00-04:00,240,3.690000057220459,3.690000057220459,3.690000057220459,3.690000057220459,0.0,0.0
772,2025-08-04 14:30:00-04:00,200,3.690000057220459,3.690000057220459,3.690000057220459,3.690000057220459,0.0,0.0
773,2025-08-04 14:31:00-04:00,292,3.6981000900268555,3.6981000900268555,3.694999933242798,3.694999933242798,0.0,0.0
774,2025-08-04 14:33:00-04:00,657,3.699899911880493,3.699899911880493,3.694999933242798,3.695199966430664,0.0,0.0
775,2025-08-04 14:34:00-04:00,692,3.694999933242798,3.694999933242798,3.690000057220459,3.694999933242798,0.0,0.0
776,2025-08-04 14:35:00-04:00,3164,3.690000057220459,3.690000057220459,3.690000057220459,3.690000057220459,0.0,0.0
777,2025-08-04 14:37:00-04:00,187,3.690000057220459,3.690000057220459,3.690000057220459,3.690000057220459,0.0,0.0
778,2025-08-04 14:39:00-04:00,538,3.690000057220459,3.690000057220459,3.690000057220459,3.690000057220459,0.0,0.0
779,2025-08-04 14:40:00-04:00,107,3.694999933242798,3.694999933242798,3.694999933242798,3.694999933242798,0.0,0.0
780,2025-08-04 14:41:00-04:00,1291,3.694999933242798,3.694999933242798,3.69350004196167,3.69350004196167,0.0,0.0
781,2025-08-04 14:43:00-04:00,706,3.690000057220459,3.690000057220459,3.690000057220459,3.690000057220459,0.0,0.0
782,2025-08-04 14:46:00-04:00,314,3.690000057220459,3.690000057220459,3.690000057220459,3.690000057220459,0.0,0.0
783,2025-08-04 14:47:00-04:00,115,3.694999933242798,3.694999933242798,3.694999933242798,3.694999933242798,0.0,0.0
784,2025-08-04 14:48:00-04:00,626,3.6991000175476074,3.6991000175476074,3.6991000175476074,3.6991000175476074,0.0,0.0
785,2025-08-04 14:49:00-04:00,558,3.690000057220459,3.690000057220459,3.690000057220459,3.690000057220459,0.0,0.0
786,2025-08-04 14:50:00-04:00,5655,3.694999933242798,3.700000047683716,3.694999933242798,3.700000047683716,0.0,0.0
787,2025-08-04 14:51:00-04:00,11954,3.690000057220459,3.7200000286102295,3.690000057220459,3.7149999141693115,0.0,0.0
788,2025-08-04 14:52:00-04:00,4780,3.7149999141693115,3.7249999046325684,3.7149999141693115,3.7249999046325684,0.0,0.0
789,2025-08-04 14:53:00-04:00,543,3.7249999046325684,3.7249999046325684,3.7200000286102295,3.7200000286102295,0.0,0.0
790,2025-08-04 14:54:00-04:00,116,3.7249999046325684,3.7249999046325684,3.7249999046325684,3.7249999046325684,0.0,0.0
791,2025-08-04 14:55:00-04:00,118,3.7300000190734863,3.7300000190734863,3.7300000190734863,3.7300000190734863,0.0,0.0
792,2025-08-04 14:56:00-04:00,741,3.7249999046325684,3.7249999046325684,3.7249999046325684,3.7249999046325684,0.0,0.0
793,2025-08-04 14:57:00-04:00,823,3.7249999046325684,3.7249999046325684,3.7249999046325684,3.7249999046325684,0.0,0.0
794,2025-08-04 14:58:00-04:00,654,3.7200000286102295,3.7249999046325684,3.7200000286102295,3.7249999046325684,0.0,0.0
795,2025-08-04 14:59:00-04:00,8257,3.7200000286102295,3.7298998832702637,3.7200000286102295,3.7202000617980957,0.0,0.0
796,2025-08-04 15:00:00-04:00,7532,3.7300000190734863,3.740000009536743,3.7300000190734863,3.73009991645813,0.0,0.0
797,2025-08-04 15:01:00-04:00,7469,3.734999895095825,3.75,3.734999895095825,3.734999895095825,0.0,0.0
798,2025-08-04 15:02:00-04:00,574,3.740799903869629,3.740799903869629,3.740799903869629,3.740799903869629,0.0,0.0
799,2025-08-04 15:04:00-04:00,11609,3.747499942779541,3.75,3.744999885559082,3.744999885559082,0.0,0.0
800,2025-08-04 15:06:00-04:00,334,3.744999885559082,3.744999885559082,3.744999885559082,3.744999885559082,0.0,0.0
801,2025-08-04 15:07:00-04:00,3735,3.75,3.75,3.744999885559082,3.744999885559082,0.0,0.0
802,2025-08-04 15:08:00-04:00,475,3.744999885559082,3.744999885559082,3.740000009536743,3.740000009536743,0.0,0.0
803,2025-08-04 15:09:00-04:00,441,3.740000009536743,3.744999885559082,3.740000009536743,3.744999885559082,0.0,0.0
804,2025-08-04 15:10:00-04:00,2461,3.740000009536743,3.740000009536743,3.740000009536743,3.740000009536743,0.0,0.0
805,2025-08-04 15:11:00-04:00,1416,3.734999895095825,3.737499952316284,3.734999895095825,3.734999895095825,0.0,0.0
806,2025-08-04 15:13:00-04:00,620,3.734999895095825,3.734999895095825,3.734999895095825,3.734999895095825,0.0,0.0
807,2025-08-04 15:14:00-04:00,319,3.734999895095825,3.734999895095825,3.734999895095825,3.734999895095825,0.0,0.0
808,2025-08-04 15:16:00-04:00,14035,3.740000009536743,3.740000009536743,3.7386999130249023,3.7386999130249023,0.0,0.0
809,2025-08-04 15:17:00-04:00,521,3.740000009536743,3.740000009536743,3.7300000190734863,3.7300000190734863,0.0,0.0
810,2025-08-04 15:18:00-04:00,683,3.740000009536743,3.740000009536743,3.740000009536743,3.740000009536743,0.0,0.0
811,2025-08-04 15:19:00-04:00,374,3.7300000190734863,3.7300000190734863,3.7300000190734863,3.7300000190734863,0.0,0.0
812,2025-08-04 15:20:00-04:00,9112,3.7300000190734863,3.734999895095825,3.7249999046325684,3.734999895095825,0.0,0.0
813,2025-08-04 15:21:00-04:00,405,3.734999895095825,3.734999895095825,3.734999895095825,3.734999895095825,0.0,0.0
814,2025-08-04 15:22:00-04:00,104,3.734999895095825,3.734999895095825,3.734999895095825,3.734999895095825,0.0,0.0
815,2025-08-04 15:23:00-04:00,3543,3.734999895095825,3.740000009536743,3.734999895095825,3.740000009536743,0.0,0.0
816,2025-08-04 15:24:00-04:00,269,3.75,3.75,3.75,3.75,0.0,0.0
817,2025-08-04 15:26:00-04:00,677,3.744999885559082,3.744999885559082,3.744999885559082,3.744999885559082,0.0,0.0
818,2025-08-04 15:27:00-04:00,668,3.740000009536743,3.740000009536743,3.740000009536743,3.740000009536743,0.0,0.0
819,2025-08-04 15:28:00-04:00,227,3.744999885559082,3.744999885559082,3.744999885559082,3.744999885559082,0.0,0.0
820,2025-08-04 15:29:00-04:00,609,3.744999885559082,3.744999885559082,3.740000009536743,3.740000009536743,0.0,0.0
821,2025-08-04 15:30:00-04:00,2953,3.740000009536743,3.743499994277954,3.740000009536743,3.740000009536743,0.0,0.0
822,2025-08-04 15:31:00-04:00,4577,3.740000009536743,3.740000009536743,3.734999895095825,3.740000009536743,0.0,0.0
823,2025-08-04 15:32:00-04:00,152,3.740000009536743,3.740000009536743,3.740000009536743,3.740000009536743,0.0,0.0
824,2025-08-04 15:34:00-04:00,1375,3.744999885559082,3.75,3.744999885559082,3.75,0.0,0.0
825,2025-08-04 15:35:00-04:00,116,3.744999885559082,3.744999885559082,3.744999885559082,3.744999885559082,0.0,0.0
826,2025-08-04 15:36:00-04:00,2662,3.740000009536743,3.740000009536743,3.734999895095825,3.734999895095825,0.0,0.0
827,2025-08-04 15:37:00-04:00,541,3.734999895095825,3.734999895095825,3.734999895095825,3.734999895095825,0.0,0.0
828,2025-08-04 15:38:00-04:00,4992,3.7399001121520996,3.744999885559082,3.734999895095825,3.744999885559082,0.0,0.0
829,2025-08-04 15:39:00-04:00,863,3.744999885559082,3.744999885559082,3.744999885559082,3.744999885559082,0.0,0.0
830,2025-08-04 15:40:00-04:00,1107,3.744999885559082,3.75,3.744999885559082,3.744999885559082,0.0,0.0
831,2025-08-04 15:41:00-04:00,4735,3.75,3.759999990463257,3.744999885559082,3.75,0.0,0.0
832,2025-08-04 15:42:00-04:00,532,3.755000114440918,3.755000114440918,3.755000114440918,3.755000114440918,0.0,0.0
833,2025-08-04 15:43:00-04:00,7760,3.759999990463257,3.759999990463257,3.744999885559082,3.755000114440918,0.0,0.0
834,2025-08-04 15:44:00-04:00,2075,3.755000114440918,3.755000114440918,3.75,3.75,0.0,0.0
835,2025-08-04 15:45:00-04:00,626,3.755000114440918,3.755000114440918,3.75,3.75,0.0,0.0
836,2025-08-04 15:46:00-04:00,4054,3.75,3.75,3.744999885559082,3.744999885559082,0.0,0.0
837,2025-08-04 15:47:00-04:00,849,3.75,3.75,3.744999885559082,3.744999885559082,0.0,0.0
838,2025-08-04 15:48:00-04:00,2023,3.740000009536743,3.75,3.740000009536743,3.75,0.0,0.0
839,2025-08-04 15:49:00-04:00,17403,3.75,3.7699999809265137,3.744999885559082,3.75,0.0,0.0
840,2025-08-04 15:50:00-04:00,200,3.755000114440918,3.755000114440918,3.755000114440918,3.755000114440918,0.0,0.0
841,2025-08-04 15:51:00-04:00,341,3.75,3.755000114440918,3.75,3.755000114440918,0.0,0.0
842,2025-08-04 15:52:00-04:00,3777,3.75,3.755000114440918,3.75,3.755000114440918,0.0,0.0
843,2025-08-04 15:53:00-04:00,7210,3.755000114440918,3.759999990463257,3.755000114440918,3.755000114440918,0.0,0.0
844,2025-08-04 15:54:00-04:00,4703,3.755000114440918,3.759999990463257,3.755000114440918,3.755000114440918,0.0,0.0
845,2025-08-04 15:55:00-04:00,7479,3.75,3.759999990463257,3.75,3.755000114440918,0.0,0.0
846,2025-08-04 15:56:00-04:00,5259,3.755000114440918,3.755000114440918,3.75,3.755000114440918,0.0,0.0
847,2025-08-04 15:57:00-04:00,6581,3.755000114440918,3.759999990463257,3.755000114440918,3.755000114440918,0.0,0.0
848,2025-08-04 15:58:00-04:00,14575,3.755000114440918,3.765000104904175,3.755000114440918,3.759999990463257,0.0,0.0
849,2025-08-04 15:59:00-04:00,20700,3.755000114440918,3.759999990463257,3.75,3.755000114440918,0.0,0.0
850,2025-08-05 09:30:00-04:00,19970,3.7699999809265137,3.851799964904785,3.7699999809265137,3.7899999618530273,0.0,0.0
851,2025-08-05 09:32:00-04:00,245,3.799999952316284,3.799999952316284,3.799999952316284,3.799999952316284,0.0,0.0
852,2025-08-05 09:34:00-04:00,2013,3.799999952316284,3.799999952316284,3.799999952316284,3.799999952316284,0.0,0.0
853,2025-08-05 09:35:00-04:00,2269,3.7850000858306885,3.799999952316284,3.7850000858306885,3.799999952316284,0.0,0.0
854,2025-08-05 09:36:00-04:00,2055,3.819999933242798,3.8299999237060547,3.819999933242798,3.8299999237060547,0.0,0.0
855,2025-08-05 09:37:00-04:00,1706,3.8299999237060547,3.8399999141693115,3.8299999237060547,3.8399999141693115,0.0,0.0
856,2025-08-05 09:38:00-04:00,596,3.8399999141693115,3.859999895095825,3.8399999141693115,3.859999895095825,0.0,0.0
857,2025-08-05 09:40:00-04:00,248,3.859999895095825,3.859999895095825,3.859999895095825,3.859999895095825,0.0,0.0
858,2025-08-05 09:42:00-04:00,2808,3.8698999881744385,3.880000114440918,3.8698999881744385,3.880000114440918,0.0,0.0
859,2025-08-05 09:44:00-04:00,360,3.880000114440918,3.880000114440918,3.880000114440918,3.880000114440918,0.0,0.0
860,2025-08-05 09:45:00-04:00,200,3.9000000953674316,3.9000000953674316,3.9000000953674316,3.9000000953674316,0.0,0.0
861,2025-08-05 09:46:00-04:00,1511,3.884700059890747,3.884999990463257,3.880000114440918,3.880000114440918,0.0,0.0
862,2025-08-05 09:47:00-04:00,140,3.876699924468994,3.876699924468994,3.876699924468994,3.876699924468994,0.0,0.0
863,2025-08-05 09:48:00-04:00,1541,3.880000114440918,3.890000104904175,3.880000114440918,3.890000104904175,0.0,0.0
864,2025-08-05 09:49:00-04:00,1740,3.880199909210205,3.890000104904175,3.8801000118255615,3.890000104904175,0.0,0.0
865,2025-08-05 09:50:00-04:00,200,3.884999990463257,3.884999990463257,3.884999990463257,3.884999990463257,0.0,0.0
866,2025-08-05 09:51:00-04:00,22820,3.890000104904175,3.9200000762939453,3.890000104904175,3.9200000762939453,0.0,0.0
867,2025-08-05 09:52:00-04:00,1574,3.924999952316284,3.930000066757202,3.924999952316284,3.930000066757202,0.0,0.0
868,2025-08-05 09:53:00-04:00,1470,3.940700054168701,3.940700054168701,3.924999952316284,3.930000066757202,0.0,0.0
869,2025-08-05 09:54:00-04:00,3684,3.930000066757202,3.930000066757202,3.884999990463257,3.884999990463257,0.0,0.0
870,2025-08-05 09:56:00-04:00,6384,3.880000114440918,3.880000114440918,3.880000114440918,3.880000114440918,0.0,0.0
871,2025-08-05 09:57:00-04:00,1296,3.880000114440918,3.880000114440918,3.875,3.875,0.0,0.0
872,2025-08-05 09:58:00-04:00,2069,3.870699882507324,3.880000114440918,3.870699882507324,3.880000114440918,0.0,0.0
873,2025-08-05 09:59:00-04:00,3157,3.884999990463257,3.890000104904175,3.884999990463257,3.890000104904175,0.0,0.0
874,2025-08-05 10:01:00-04:00,0,3.890000104904175,3.890000104904175,3.890000104904175,3.890000104904175,0.0,0.0
875,2025-08-05 10:02:00-04:00,81702,3.8893001079559326,3.8893001079559326,3.884999990463257,3.8852999210357666,0.0,0.0
876,2025-08-05 10:03:00-04:00,1483,3.880000114440918,3.880000114440918,3.875,3.875,0.0,0.0
877,2025-08-05 10:04:00-04:00,6412,3.880000114440918,3.884999990463257,3.880000114440918,3.884999990463257,0.0,0.0
878,2025-08-05 10:05:00-04:00,8362,3.88100004196167,3.9100000858306885,3.880000114440918,3.9049999713897705,0.0,0.0
879,2025-08-05 10:06:00-04:00,1948,3.9049999713897705,3.9100000858306885,3.9049999713897705,3.9100000858306885,0.0,0.0
880,2025-08-05 10:07:00-04:00,2095,3.9149999618530273,3.924999952316284,3.9149999618530273,3.924999952316284,0.0,0.0
881,2025-08-05 10:08:00-04:00,5400,3.930000066757202,3.930000066757202,3.924999952316284,3.924999952316284,0.0,0.0
882,2025-08-05 10:09:00-04:00,8839,3.924999952316284,3.924999952316284,3.9049999713897705,3.9049999713897705,0.0,0.0
883,2025-08-05 10:10:00-04:00,1743,3.9000000953674316,3.9000000953674316,3.9000000953674316,3.9000000953674316,0.0,0.0
884,2025-08-05 10:11:00-04:00,771,3.8949999809265137,3.9000000953674316,3.8949999809265137,3.9000000953674316,0.0,0.0
885,2025-08-05 10:12:00-04:00,5328,3.890000104904175,3.9000000953674316,3.890000104904175,3.8949999809265137,0.0,0.0
886,2025-08-05 10:13:00-04:00,1978,3.8949999809265137,3.9000000953674316,3.8949999809265137,3.9000000953674316,0.0,0.0
887,2025-08-05 10:14:00-04:00,1629,3.9049999713897705,3.9100000858306885,3.9049999713897705,3.9100000858306885,0.0,0.0
888,2025-08-05 10:15:00-04:00,2557,3.9049999713897705,3.9149999618530273,3.9049999713897705,3.9149999618530273,0.0,0.0
889,2025-08-05 10:16:00-04:00,430,3.9149999618530273,3.9149999618530273,3.9149999618530273,3.9149999618530273,0.0,0.0
890,2025-08-05 10:17:00-04:00,375,3.9149999618530273,3.9149999618530273,3.9149999618530273,3.9149999618530273,0.0,0.0
891,2025-08-05 10:18:00-04:00,2122,3.9100000858306885,3.9100000858306885,3.9049999713897705,3.9049999713897705,0.0,0.0
892,2025-08-05 10:19:00-04:00,556,3.9049999713897705,3.9049999713897705,3.9049999713897705,3.9049999713897705,0.0,0.0
893,2025-08-05 10:20:00-04:00,3633,3.9049999713897705,3.9049999713897705,3.8949999809265137,3.8949999809265137,0.0,0.0
894,2025-08-05 10:21:00-04:00,256,3.8949999809265137,3.8949999809265137,3.8949999809265137,3.8949999809265137,0.0,0.0
895,2025-08-05 10:22:00-04:00,2100,3.8949999809265137,3.8949999809265137,3.890000104904175,3.8949999809265137,0.0,0.0
896,2025-08-05 10:23:00-04:00,328,3.8949999809265137,3.8949999809265137,3.8949999809265137,3.8949999809265137,0.0,0.0
897,2025-08-05 10:24:00-04:00,255,3.8949999809265137,3.8949999809265137,3.8949999809265137,3.8949999809265137,0.0,0.0
898,2025-08-05 10:26:00-04:00,1654,3.890000104904175,3.890000104904175,3.884999990463257,3.884999990463257,0.0,0.0
899,2025-08-05 10:27:00-04:00,631,3.884999990463257,3.890000104904175,3.884999990463257,3.884999990463257,0.0,0.0
900,2025-08-05 10:28:00-04:00,652,3.884999990463257,3.889899969100952,3.884999990463257,3.884999990463257,0.0,0.0
901,2025-08-05 10:29:00-04:00,31303,3.884999990463257,3.884999990463257,3.880000114440918,3.884999990463257,0.0,0.0
902,2025-08-05 10:30:00-04:00,1895,3.880000114440918,3.880000114440918,3.865000009536743,3.865000009536743,0.0,0.0
903,2025-08-05 10:31:00-04:00,3643,3.859999895095825,3.869999885559082,3.8550000190734863,3.865000009536743,0.0,0.0
904,2025-08-05 10:32:00-04:00,1886,3.865000009536743,3.880000114440918,3.865000009536743,3.880000114440918,0.0,0.0
905,2025-08-05 10:33:00-04:00,805,3.875,3.880000114440918,3.875,3.875,0.0,0.0
906,2025-08-05 10:34:00-04:00,507,3.875,3.878999948501587,3.875,3.878999948501587,0.0,0.0
907,2025-08-05 10:35:00-04:00,979,3.875,3.875,3.875,3.875,0.0,0.0
908,2025-08-05 10:36:00-04:00,23343,3.875,3.884999990463257,3.875,3.880000114440918,0.0,0.0
909,2025-08-05 10:37:00-04:00,7091,3.890000104904175,3.9100000858306885,3.884999990463257,3.9049999713897705,0.0,0.0
910,2025-08-05 10:38:00-04:00,6722,3.9100000858306885,3.9100000858306885,3.9000000953674316,3.9049999713897705,0.0,0.0
911,2025-08-05 10:39:00-04:00,305,3.9000000953674316,3.9000000953674316,3.9000000953674316,3.9000000953674316,0.0,0.0
912,2025-08-05 10:40:00-04:00,1886,3.9000000953674316,3.9000000953674316,3.9000000953674316,3.9000000953674316,0.0,0.0
913,2025-08-05 10:41:00-04:00,501,3.8949999809265137,3.8949999809265137,3.8949999809265137,3.8949999809265137,0.0,0.0
914,2025-08-05 10:42:00-04:00,271,3.890000104904175,3.890000104904175,3.890000104904175,3.890000104904175,0.0,0.0
915,2025-08-05 10:43:00-04:00,1289,3.890000104904175,3.890000104904175,3.884999990463257,3.884999990463257,0.0,0.0
916,2025-08-05 10:44:00-04:00,2564,3.884999990463257,3.8949999809265137,3.884999990463257,3.8949999809265137,0.0,0.0
917,2025-08-05 10:45:00-04:00,1717,3.890000104904175,3.9000000953674316,3.884999990463257,3.884999990463257,0.0,0.0
918,2025-08-05 10:46:00-04:00,597,3.884999990463257,3.884999990463257,3.884999990463257,3.884999990463257,0.0,0.0
919,2025-08-05 10:47:00-04:00,203,3.884999990463257,3.884999990463257,3.884999990463257,3.884999990463257,0.0,0.0
920,2025-08-05 10:48:00-04:00,407,3.884999990463257,3.884999990463257,3.880000114440918,3.880000114440918,0.0,0.0
921,2025-08-05 10:49:00-04:00,231,3.884999990463257,3.890000104904175,3.884999990463257,3.890000104904175,0.0,0.0
922,2025-08-05 10:50:00-04:00,8194,3.884999990463257,3.9000000953674316,3.884999990463257,3.9000000953674316,0.0,0.0
923,2025-08-05 10:51:00-04:00,5965,3.9049999713897705,3.9149999618530273,3.9049999713897705,3.9149999618530273,0.0,0.0
924,2025-08-05 10:52:00-04:00,702,3.9100000858306885,3.9149999618530273,3.9100000858306885,3.9124999046325684,0.0,0.0
925,2025-08-05 10:53:00-04:00,1330,3.9200000762939453,3.9200000762939453,3.9149999618530273,3.9200000762939453,0.0,0.0
926,2025-08-05 10:54:00-04:00,10029,3.9200000762939453,3.9200000762939453,3.9149999618530273,3.9149999618530273,0.0,0.0
927,2025-08-05 10:55:00-04:00,2341,3.9149999618530273,3.9200000762939453,3.9100000858306885,3.9149999618530273,0.0,0.0
928,2025-08-05 10:56:00-04:00,4598,3.9200000762939453,3.9200000762939453,3.9049999713897705,3.9049999713897705,0.0,0.0
929,2025-08-05 10:58:00-04:00,6127,3.9200000762939453,3.9200000762939453,3.9200000762939453,3.9200000762939453,0.0,0.0
930,2025-08-05 11:01:00-04:00,123,3.9149999618530273,3.9149999618530273,3.9149999618530273,3.9149999618530273,0.0,0.0
931,2025-08-05 11:02:00-04:00,1711,3.9149999618530273,3.9200000762939453,3.9149999618530273,3.9200000762939453,0.0,0.0
932,2025-08-05 11:03:00-04:00,527,3.9200000762939453,3.9200000762939453,3.9149999618530273,3.9149999618530273,0.0,0.0
933,2025-08-05 11:04:00-04:00,1303,3.9149999618530273,3.9200000762939453,3.9149999618530273,3.9200000762939453,0.0,0.0
934,2025-08-05 11:05:00-04:00,1963,3.9149999618530273,3.9200000762939453,3.9149999618530273,3.9200000762939453,0.0,0.0
935,2025-08-05 11:06:00-04:00,14889,3.9200000762939453,3.930000066757202,3.9200000762939453,3.930000066757202,0.0,0.0
936,2025-08-05 11:07:00-04:00,333,3.934999942779541,3.934999942779541,3.934999942779541,3.934999942779541,0.0,0.0
937,2025-08-05 11:08:00-04:00,3876,3.930000066757202,3.934999942779541,3.930000066757202,3.934999942779541,0.0,0.0
938,2025-08-05 11:09:00-04:00,2532,3.934999942779541,3.940000057220459,3.934999942779541,3.940000057220459,0.0,0.0
939,2025-08-05 11:10:00-04:00,14428,3.934999942779541,3.940000057220459,3.9200000762939453,3.934999942779541,0.0,0.0
940,2025-08-05 11:11:00-04:00,2847,3.924999952316284,3.940000057220459,3.924999952316284,3.934999942779541,0.0,0.0
941,2025-08-05 11:12:00-04:00,2202,3.934999942779541,3.940000057220459,3.934999942779541,3.934999942779541,0.0,0.0
942,2025-08-05 11:13:00-04:00,15693,3.939199924468994,3.939199924468994,3.924999952316284,3.934999942779541,0.0,0.0
943,2025-08-05 11:14:00-04:00,3056,3.934999942779541,3.944999933242798,3.934999942779541,3.940000057220459,0.0,0.0
944,2025-08-05 11:15:00-04:00,2506,3.934999942779541,3.944999933242798,3.934999942779541,3.944999933242798,0.0,0.0
945,2025-08-05 11:16:00-04:00,4596,3.950000047683716,3.950000047683716,3.934999942779541,3.940000057220459,0.0,0.0
946,2025-08-05 11:17:00-04:00,612,3.934999942779541,3.940000057220459,3.934999942779541,3.934999942779541,0.0,0.0
947,2025-08-05 11:18:00-04:00,507,3.934999942779541,3.934999942779541,3.934999942779541,3.934999942779541,0.0,0.0
948,2025-08-05 11:19:00-04:00,1110,3.934999942779541,3.934999942779541,3.934999942779541,3.934999942779541,0.0,0.0
949,2025-08-05 11:20:00-04:00,402,3.934999942779541,3.940000057220459,3.934999942779541,3.934999942779541,0.0,0.0
950,2025-08-05 11:21:00-04:00,2828,3.940000057220459,3.9460999965667725,3.940000057220459,3.9460999965667725,0.0,0.0
951,2025-08-05 11:22:00-04:00,506,3.944999933242798,3.944999933242798,3.944999933242798,3.944999933242798,0.0,0.0
952,2025-08-05 11:23:00-04:00,712,3.944999933242798,3.944999933242798,3.940000057220459,3.944999933242798,0.0,0.0
953,2025-08-05 11:24:00-04:00,505,3.944999933242798,3.944999933242798,3.944999933242798,3.944999933242798,0.0,0.0
954,2025-08-05 11:25:00-04:00,930,3.944999933242798,3.944999933242798,3.940000057220459,3.9400999546051025,0.0,0.0
955,2025-08-05 11:26:00-04:00,303,3.940000057220459,3.940000057220459,3.940000057220459,3.940000057220459,0.0,0.0
956,2025-08-05 11:27:00-04:00,2501,3.944999933242798,3.944999933242798,3.940000057220459,3.944999933242798,0.0,0.0
957,2025-08-05 11:28:00-04:00,1919,3.944999933242798,3.944999933242798,3.940000057220459,3.944999933242798,0.0,0.0
958,2025-08-05 11:29:00-04:00,505,3.944999933242798,3.944999933242798,3.944999933242798,3.944999933242798,0.0,0.0
959,2025-08-05 11:30:00-04:00,901,3.944999933242798,3.944999933242798,3.944999933242798,3.944999933242798,0.0,0.0
960,2025-08-05 11:31:00-04:00,843,3.944999933242798,3.944999933242798,3.944999933242798,3.944999933242798,0.0,0.0
961,2025-08-05 11:32:00-04:00,7284,3.944999933242798,3.944999933242798,3.924999952316284,3.924999952316284,0.0,0.0
962,2025-08-05 11:33:00-04:00,5730,3.924999952316284,3.944999933242798,3.924999952316284,3.940000057220459,0.0,0.0
963,2025-08-05 11:34:00-04:00,930,3.944999933242798,3.950000047683716,3.944999933242798,3.944999933242798,0.0,0.0
964,2025-08-05 11:35:00-04:00,1436,3.940000057220459,3.940000057220459,3.940000057220459,3.940000057220459,0.0,0.0
965,2025-08-05 11:36:00-04:00,317,3.930000066757202,3.930000066757202,3.930000066757202,3.930000066757202,0.0,0.0
966,2025-08-05 11:37:00-04:00,2616,3.924999952316284,3.930000066757202,3.9200000762939453,3.924999952316284,0.0,0.0
967,2025-08-05 11:38:00-04:00,200,3.924999952316284,3.924999952316284,3.924999952316284,3.924999952316284,0.0,0.0
968,2025-08-05 11:39:00-04:00,363,3.924999952316284,3.930000066757202,3.924999952316284,3.930000066757202,0.0,0.0
969,2025-08-05 11:40:00-04:00,900,3.924999952316284,3.924999952316284,3.924999952316284,3.924999952316284,0.0,0.0
970,2025-08-05 11:41:00-04:00,401,3.924999952316284,3.924999952316284,3.924999952316284,3.924999952316284,0.0,0.0
971,2025-08-05 11:42:00-04:00,300,3.924999952316284,3.924999952316284,3.924999952316284,3.924999952316284,0.0,0.0
972,2025-08-05 11:43:00-04:00,1101,3.9200000762939453,3.924999952316284,3.9200000762939453,3.924999952316284,0.0,0.0
973,2025-08-05 11:44:00-04:00,400,3.924999952316284,3.930000066757202,3.924999952316284,3.930000066757202,0.0,0.0
974,2025-08-05 11:45:00-04:00,1182,3.924999952316284,3.930000066757202,3.924999952316284,3.924999952316284,0.0,0.0
975,2025-08-05 11:46:00-04:00,515,3.924999952316284,3.930000066757202,3.924999952316284,3.924999952316284,0.0,0.0
976,2025-08-05 11:47:00-04:00,4759,3.924999952316284,3.940000057220459,3.924999952316284,3.940000057220459,0.0,0.0
977,2025-08-05 11:48:00-04:00,374,3.934999942779541,3.934999942779541,3.934999942779541,3.934999942779541,0.0,0.0
978,2025-08-05 11:50:00-04:00,363,3.9391000270843506,3.9391000270843506,3.9391000270843506,3.9391000270843506,0.0,0.0
979,2025-08-05 11:51:00-04:00,5815,3.940000057220459,3.944999933242798,3.934999942779541,3.944999933242798,0.0,0.0
980,2025-08-05 11:52:00-04:00,306,3.944999933242798,3.944999933242798,3.944999933242798,3.944999933242798,0.0,0.0
981,2025-08-05 11:53:00-04:00,105,3.944999933242798,3.944999933242798,3.944999933242798,3.944999933242798,0.0,0.0
982,2025-08-05 11:54:00-04:00,7211,3.944999933242798,3.950000047683716,3.940000057220459,3.944999933242798,0.0,0.0
983,2025-08-05 11:55:00-04:00,703,3.940000057220459,3.944999933242798,3.940000057220459,3.944999933242798,0.0,0.0
984,2025-08-05 11:56:00-04:00,505,3.940000057220459,3.950000047683716,3.940000057220459,3.944999933242798,0.0,0.0
985,2025-08-05 11:57:00-04:00,2538,3.944999933242798,3.950000047683716,3.940000057220459,3.940000057220459,0.0,0.0
986,2025-08-05 11:58:00-04:00,1209,3.944999933242798,3.950000047683716,3.940000057220459,3.944999933242798,0.0,0.0
987,2025-08-05 11:59:00-04:00,2502,3.944999933242798,3.950000047683716,3.944999933242798,3.944999933242798,0.0,0.0
988,2025-08-05 12:00:00-04:00,1814,3.944999933242798,3.944999933242798,3.944999933242798,3.944999933242798,0.0,0.0
989,2025-08-05 12:01:00-04:00,847,3.944999933242798,3.944999933242798,3.940000057220459,3.944999933242798,0.0,0.0
990,2025-08-05 12:02:00-04:00,3246,3.944999933242798,3.944999933242798,3.944999933242798,3.944999933242798,0.0,0.0
991,2025-08-05 12:03:00-04:00,1234,3.944999933242798,3.944999933242798,3.944999933242798,3.944999933242798,0.0,0.0
992,2025-08-05 12:04:00-04:00,606,3.944999933242798,3.944999933242798,3.944999933242798,3.944999933242798,0.0,0.0
993,2025-08-05 12:05:00-04:00,782,3.944999933242798,3.944999933242798,3.940000057220459,3.940000057220459,0.0,0.0
994,2025-08-05 12:06:00-04:00,1422,3.950000047683716,3.950000047683716,3.944999933242798,3.944999933242798,0.0,0.0
995,2025-08-05 12:08:00-04:00,2525,3.944999933242798,3.944999933242798,3.944999933242798,3.944999933242798,0.0,0.0
996,2025-08-05 12:09:00-04:00,141,3.944999933242798,3.944999933242798,3.944999933242798,3.944999933242798,0.0,0.0
997,2025-08-05 12:11:00-04:00,525,3.940000057220459,3.940000057220459,3.940000057220459,3.940000057220459,0.0,0.0
998,2025-08-05 12:12:00-04:00,322,3.944999933242798,3.950000047683716,3.944999933242798,3.950000047683716,0.0,0.0
999,2025-08-05 12:13:00-04:00,2628,3.9472999572753906,3.950000047683716,3.940000057220459,3.944999933242798,0.0,0.0
1000,2025-08-05 12:14:00-04:00,13567,3.944999933242798,3.9600000381469727,3.944999933242798,3.9549999237060547,0.0,0.0
1001,2025-08-05 12:15:00-04:00,512,3.9549999237060547,3.9549999237060547,3.9549999237060547,3.9549999237060547,0.0,0.0
1002,2025-08-05 12:16:00-04:00,747,3.9549999237060547,3.9549999237060547,3.950000047683716,3.9549999237060547,0.0,0.0
1003,2025-08-05 12:18:00-04:00,579,3.950000047683716,3.9549999237060547,3.950000047683716,3.9549999237060547,0.0,0.0
1004,2025-08-05 12:19:00-04:00,1232,3.9549999237060547,3.9600000381469727,3.9549999237060547,3.9549999237060547,0.0,0.0
1005,2025-08-05 12:20:00-04:00,1832,3.9549999237060547,3.9549999237060547,3.9549999237060547,3.9549999237060547,0.0,0.0
1006,2025-08-05 12:21:00-04:00,328,3.9549999237060547,3.9549999237060547,3.9549999237060547,3.9549999237060547,0.0,0.0
1007,2025-08-05 12:22:00-04:00,624,3.9549999237060547,3.9549999237060547,3.9549999237060547,3.9549999237060547,0.0,0.0
1008,2025-08-05 12:23:00-04:00,2011,3.9549999237060547,3.9600000381469727,3.950000047683716,3.9549999237060547,0.0,0.0
1009,2025-08-05 12:24:00-04:00,2696,3.9549999237060547,3.9549999237060547,3.9549999237060547,3.9549999237060547,0.0,0.0
1010,2025-08-05 12:25:00-04:00,1623,3.9549999237060547,3.9600000381469727,3.9549999237060547,3.9549999237060547,0.0,0.0
1011,2025-08-05 12:26:00-04:00,508,3.9549999237060547,3.9549999237060547,3.9549999237060547,3.9549999237060547,0.0,0.0
1012,2025-08-05 12:27:00-04:00,717,3.9549999237060547,3.9549999237060547,3.950000047683716,3.950000047683716,0.0,0.0
1013,2025-08-05 12:28:00-04:00,214,3.9549999237060547,3.9549999237060547,3.9549999237060547,3.9549999237060547,0.0,0.0
1014,2025-08-05 12:29:00-04:00,1587,3.9549999237060547,3.956700086593628,3.9549999237060547,3.9549999237060547,0.0,0.0
1015,2025-08-05 12:30:00-04:00,2844,3.9549999237060547,3.9549999237060547,3.950000047683716,3.950000047683716,0.0,0.0
1016,2025-08-05 12:31:00-04:00,615,3.9558000564575195,3.9558000564575195,3.9549999237060547,3.9549999237060547,0.0,0.0
1017,2025-08-05 12:32:00-04:00,239,3.9549999237060547,3.9549999237060547,3.9549999237060547,3.9549999237060547,0.0,0.0
1018,2025-08-05 12:33:00-04:00,611,3.950000047683716,3.9600000381469727,3.950000047683716,3.9600000381469727,0.0,0.0
1019,2025-08-05 12:34:00-04:00,618,3.9549999237060547,3.9549999237060547,3.9500999450683594,3.9500999450683594,0.0,0.0
1020,2025-08-05 12:35:00-04:00,4701,3.950000047683716,3.950000047683716,3.940000057220459,3.940000057220459,0.0,0.0
1021,2025-08-05 12:36:00-04:00,500,3.944999933242798,3.950000047683716,3.944999933242798,3.944999933242798,0.0,0.0
1022,2025-08-05 12:37:00-04:00,1314,3.940000057220459,3.944999933242798,3.940000057220459,3.944999933242798,0.0,0.0
1023,2025-08-05 12:38:00-04:00,272,3.944999933242798,3.944999933242798,3.940000057220459,3.940000057220459,0.0,0.0
1024,2025-08-05 12:39:00-04:00,20169,3.944999933242798,3.950000047683716,3.934999942779541,3.934999942779541,0.0,0.0
1025,2025-08-05 12:40:00-04:00,500,3.930000066757202,3.930000066757202,3.930000066757202,3.930000066757202,0.0,0.0
1026,2025-08-05 12:41:00-04:00,10915,3.930000066757202,3.950000047683716,3.930000066757202,3.940000057220459,0.0,0.0
1027,2025-08-05 12:42:00-04:00,1526,3.940000057220459,3.950000047683716,3.940000057220459,3.950000047683716,0.0,0.0
1028,2025-08-05 12:43:00-04:00,1578,3.944999933242798,3.950000047683716,3.944999933242798,3.944999933242798,0.0,0.0
1029,2025-08-05 12:44:00-04:00,400,3.944999933242798,3.944999933242798,3.944999933242798,3.944999933242798,0.0,0.0
1030,2025-08-05 12:45:00-04:00,1011,3.944999933242798,3.944999933242798,3.940000057220459,3.940000057220459,0.0,0.0
1031,2025-08-05 12:46:00-04:00,128,3.944999933242798,3.944999933242798,3.944999933242798,3.944999933242798,0.0,0.0
1032,2025-08-05 12:48:00-04:00,1708,3.940000057220459,3.940000057220459,3.940000057220459,3.940000057220459,0.0,0.0
1033,2025-08-05 12:51:00-04:00,713,3.940000057220459,3.940000057220459,3.940000057220459,3.940000057220459,0.0,0.0
1034,2025-08-05 12:52:00-04:00,428,3.944999933242798,3.944999933242798,3.940000057220459,3.940000057220459,0.0,0.0
1035,2025-08-05 12:53:00-04:00,5099,3.940000057220459,3.950000047683716,3.940000057220459,3.944999933242798,0.0,0.0
1036,2025-08-05 12:54:00-04:00,2326,3.944999933242798,3.950000047683716,3.944999933242798,3.946700096130371,0.0,0.0
1037,2025-08-05 12:55:00-04:00,556,3.944999933242798,3.944999933242798,3.944999933242798,3.944999933242798,0.0,0.0
1038,2025-08-05 12:56:00-04:00,307,3.940000057220459,3.944999933242798,3.940000057220459,3.944999933242798,0.0,0.0
1039,2025-08-05 12:57:00-04:00,215,3.944999933242798,3.944999933242798,3.944999933242798,3.944999933242798,0.0,0.0
1040,2025-08-05 12:58:00-04:00,784,3.940000057220459,3.944999933242798,3.940000057220459,3.944999933242798,0.0,0.0
1041,2025-08-05 12:59:00-04:00,903,3.944999933242798,3.944999933242798,3.944999933242798,3.944999933242798,0.0,0.0
1042,2025-08-05 13:00:00-04:00,995,3.944999933242798,3.950000047683716,3.944999933242798,3.944999933242798,0.0,0.0
1043,2025-08-05 13:01:00-04:00,8049,3.950000047683716,3.9649999141693115,3.944999933242798,3.9649999141693115,0.0,0.0
1044,2025-08-05 13:02:00-04:00,1342,3.9649999141693115,3.9649999141693115,3.9600000381469727,3.9649999141693115,0.0,0.0
1045,2025-08-05 13:03:00-04:00,5810,3.9649999141693115,3.9649999141693115,3.9600000381469727,3.9649999141693115,0.0,0.0
1046,2025-08-05 13:04:00-04:00,7865,3.9649999141693115,3.9700000286102295,3.944999933242798,3.944999933242798,0.0,0.0
1047,2025-08-05 13:05:00-04:00,226,3.944999933242798,3.944999933242798,3.940000057220459,3.940000057220459,0.0,0.0
1048,2025-08-05 13:07:00-04:00,1257,3.940000057220459,3.940000057220459,3.9375,3.9375,0.0,0.0
1049,2025-08-05 13:08:00-04:00,800,3.934999942779541,3.934999942779541,3.930000066757202,3.930000066757202,0.0,0.0
1050,2025-08-05 13:09:00-04:00,832,3.930000066757202,3.930000066757202,3.930000066757202,3.930000066757202,0.0,0.0
1051,2025-08-05 13:10:00-04:00,823,3.930000066757202,3.930000066757202,3.9200000762939453,3.9200000762939453,0.0,0.0
1052,2025-08-05 13:11:00-04:00,200,3.9200000762939453,3.9200000762939453,3.9200000762939453,3.9200000762939453,0.0,0.0
1053,2025-08-05 13:12:00-04:00,3262,3.9200000762939453,3.9200000762939453,3.9149999618530273,3.9200000762939453,0.0,0.0
1054,2025-08-05 13:13:00-04:00,459,3.9147000312805176,3.9147000312805176,3.9100000858306885,3.9100000858306885,0.0,0.0
1055,2025-08-05 13:15:00-04:00,200,3.9100000858306885,3.9100000858306885,3.9100000858306885,3.9100000858306885,0.0,0.0
1056,2025-08-05 13:16:00-04:00,825,3.9100000858306885,3.9149999618530273,3.9100000858306885,3.9100000858306885,0.0,0.0
1057,2025-08-05 13:17:00-04:00,774,3.9100000858306885,3.9200000762939453,3.9100000858306885,3.9149999618530273,0.0,0.0
1058,2025-08-05 13:18:00-04:00,1075,3.9149999618530273,3.9149999618530273,3.9100000858306885,3.9149999618530273,0.0,0.0
1059,2025-08-05 13:19:00-04:00,220,3.9100000858306885,3.9100000858306885,3.9100000858306885,3.9100000858306885,0.0,0.0
1060,2025-08-05 13:20:00-04:00,5220,3.916800022125244,3.916800022125244,3.9100000858306885,3.9100000858306885,0.0,0.0
1061,2025-08-05 13:21:00-04:00,514,3.9100000858306885,3.9100000858306885,3.9100000858306885,3.9100000858306885,0.0,0.0
1062,2025-08-05 13:22:00-04:00,232,3.9100000858306885,3.9100000858306885,3.9100000858306885,3.9100000858306885,0.0,0.0
1063,2025-08-05 13:23:00-04:00,717,3.9100000858306885,3.9100000858306885,3.9100000858306885,3.9100000858306885,0.0,0.0
1064,2025-08-05 13:24:00-04:00,136,3.9100000858306885,3.9100000858306885,3.9100000858306885,3.9100000858306885,0.0,0.0
1065,2025-08-05 13:25:00-04:00,600,3.9100000858306885,3.9149999618530273,3.9100000858306885,3.9149999618530273,0.0,0.0
1066,2025-08-05 13:26:00-04:00,8597,3.9100000858306885,3.924999952316284,3.9100000858306885,3.924999952316284,0.0,0.0
1067,2025-08-05 13:27:00-04:00,204,3.924999952316284,3.924999952316284,3.924999952316284,3.924999952316284,0.0,0.0
1068,2025-08-05 13:28:00-04:00,1350,3.930000066757202,3.930000066757202,3.9200000762939453,3.924999952316284,0.0,0.0
1069,2025-08-05 13:30:00-04:00,1522,3.924999952316284,3.928999900817871,3.924999952316284,3.924999952316284,0.0,0.0
1070,2025-08-05 13:31:00-04:00,2050,3.924999952316284,3.924999952316284,3.9200000762939453,3.9200000762939453,0.0,0.0
1071,2025-08-05 13:32:00-04:00,351,3.924999952316284,3.924999952316284,3.924999952316284,3.924999952316284,0.0,0.0
1072,2025-08-05 13:33:00-04:00,528,3.924999952316284,3.924999952316284,3.9200000762939453,3.924999952316284,0.0,0.0
1073,2025-08-05 13:34:00-04:00,248,3.924999952316284,3.924999952316284,3.924999952316284,3.924999952316284,0.0,0.0
1074,2025-08-05 13:35:00-04:00,24521,3.930000066757202,3.934999942779541,3.9100000858306885,3.9200000762939453,0.0,0.0
1075,2025-08-05 13:36:00-04:00,102,3.9149999618530273,3.9149999618530273,3.9149999618530273,3.9149999618530273,0.0,0.0
1076,2025-08-05 13:37:00-04:00,250,3.9100000858306885,3.9100000858306885,3.9100000858306885,3.9100000858306885,0.0,0.0
1077,2025-08-05 13:38:00-04:00,740,3.9149999618530273,3.9149999618530273,3.9149999618530273,3.9149999618530273,0.0,0.0
1078,2025-08-05 13:39:00-04:00,995,3.9149999618530273,3.9198999404907227,3.9100000858306885,3.9100000858306885,0.0,0.0
1079,2025-08-05 13:40:00-04:00,557,3.9149999618530273,3.9149999618530273,3.9100000858306885,3.9149999618530273,0.0,0.0
1080,2025-08-05 13:41:00-04:00,7098,3.9149999618530273,3.924999952316284,3.9149999618530273,3.9200000762939453,0.0,0.0
1081,2025-08-05 13:42:00-04:00,300,3.9149999618530273,3.9149999618530273,3.9149999618530273,3.9149999618530273,0.0,0.0
1082,2025-08-05 13:43:00-04:00,554,3.9110000133514404,3.9149999618530273,3.9110000133514404,3.9149999618530273,0.0,0.0
1083,2025-08-05 13:44:00-04:00,200,3.9149999618530273,3.9149999618530273,3.9149999618530273,3.9149999618530273,0.0,0.0
1084,2025-08-05 13:45:00-04:00,300,3.9149999618530273,3.9149999618530273,3.9149999618530273,3.9149999618530273,0.0,0.0
1085,2025-08-05 13:46:00-04:00,221,3.9149999618530273,3.9149999618530273,3.9149999618530273,3.9149999618530273,0.0,0.0
1086,2025-08-05 13:47:00-04:00,3131,3.9149999618530273,3.924999952316284,3.9149999618530273,3.924999952316284,0.0,0.0
1087,2025-08-05 13:48:00-04:00,229,3.930000066757202,3.930000066757202,3.924999952316284,3.924999952316284,0.0,0.0
1088,2025-08-05 13:49:00-04:00,107,3.924999952316284,3.924999952316284,3.924999952316284,3.924999952316284,0.0,0.0
1089,2025-08-05 13:50:00-04:00,133,3.924999952316284,3.924999952316284,3.924999952316284,3.924999952316284,0.0,0.0
1090,2025-08-05 13:53:00-04:00,638,3.9200000762939453,3.924999952316284,3.9200000762939453,3.924999952316284,0.0,0.0
1091,2025-08-05 13:54:00-04:00,601,3.9200000762939453,3.924999952316284,3.9200000762939453,3.924999952316284,0.0,0.0
1092,2025-08-05 13:55:00-04:00,521,3.930000066757202,3.930000066757202,3.924999952316284,3.924999952316284,0.0,0.0
1093,2025-08-05 13:56:00-04:00,809,3.924999952316284,3.924999952316284,3.924999952316284,3.924999952316284,0.0,0.0
1094,2025-08-05 13:57:00-04:00,217,3.924999952316284,3.924999952316284,3.924999952316284,3.924999952316284,0.0,0.0
1095,2025-08-05 13:58:00-04:00,820,3.924999952316284,3.930000066757202,3.924999952316284,3.924999952316284,0.0,0.0
1096,2025-08-05 13:59:00-04:00,5138,3.930000066757202,3.934999942779541,3.924999952316284,3.934999942779541,0.0,0.0
1097,2025-08-05 14:00:00-04:00,200,3.934999942779541,3.934999942779541,3.934999942779541,3.934999942779541,0.0,0.0
1098,2025-08-05 14:01:00-04:00,433,3.934999942779541,3.934999942779541,3.934999942779541,3.934999942779541,0.0,0.0
1099,2025-08-05 14:02:00-04:00,226,3.940000057220459,3.940000057220459,3.940000057220459,3.940000057220459,0.0,0.0
1100,2025-08-05 14:03:00-04:00,368,3.940000057220459,3.940000057220459,3.934999942779541,3.934999942779541,0.0,0.0
1101,2025-08-05 14:05:00-04:00,2041,3.940000057220459,3.944999933242798,3.940000057220459,3.944999933242798,0.0,0.0
1102,2025-08-05 14:06:00-04:00,2410,3.944999933242798,3.9549999237060547,3.940000057220459,3.9549999237060547,0.0,0.0
1103,2025-08-05 14:07:00-04:00,114,3.9549999237060547,3.9549999237060547,3.9549999237060547,3.9549999237060547,0.0,0.0
1104,2025-08-05 14:08:00-04:00,108,3.9549999237060547,3.9549999237060547,3.9549999237060547,3.9549999237060547,0.0,0.0
1105,2025-08-05 14:09:00-04:00,657,3.956700086593628,3.956700086593628,3.9549999237060547,3.9549999237060547,0.0,0.0
1106,2025-08-05 14:10:00-04:00,603,3.950000047683716,3.9549999237060547,3.950000047683716,3.9549999237060547,0.0,0.0
1107,2025-08-05 14:11:00-04:00,511,3.9549999237060547,3.9549999237060547,3.9549999237060547,3.9549999237060547,0.0,0.0
1108,2025-08-05 14:12:00-04:00,609,3.950000047683716,3.9549999237060547,3.950000047683716,3.9549999237060547,0.0,0.0
1109,2025-08-05 14:13:00-04:00,525,3.950000047683716,3.950000047683716,3.950000047683716,3.950000047683716,0.0,0.0
1110,2025-08-05 14:14:00-04:00,101,3.9549999237060547,3.9549999237060547,3.9549999237060547,3.9549999237060547,0.0,0.0
1111,2025-08-05 14:15:00-04:00,618,3.9549999237060547,3.9549999237060547,3.950000047683716,3.950000047683716,0.0,0.0
1112,2025-08-05 14:16:00-04:00,109,3.9549999237060547,3.9549999237060547,3.9549999237060547,3.9549999237060547,0.0,0.0
1113,2025-08-05 14:17:00-04:00,1230,3.950000047683716,3.9519999027252197,3.950000047683716,3.9519999027252197,0.0,0.0
1114,2025-08-05 14:18:00-04:00,120,3.9600000381469727,3.9600000381469727,3.9600000381469727,3.9600000381469727,0.0,0.0
1115,2025-08-05 14:20:00-04:00,500,3.950000047683716,3.950000047683716,3.950000047683716,3.950000047683716,0.0,0.0
1116,2025-08-05 14:21:00-04:00,620,3.950000047683716,3.950000047683716,3.950000047683716,3.950000047683716,0.0,0.0
1117,2025-08-05 14:23:00-04:00,872,3.9600000381469727,3.9600000381469727,3.950000047683716,3.950000047683716,0.0,0.0
1118,2025-08-05 14:24:00-04:00,183,3.9549999237060547,3.9549999237060547,3.9549999237060547,3.9549999237060547,0.0,0.0
1119,2025-08-05 14:25:00-04:00,893,3.9547998905181885,3.9549999237060547,3.950000047683716,3.9549999237060547,0.0,0.0
1120,2025-08-05 14:26:00-04:00,106,3.9600000381469727,3.9600000381469727,3.9600000381469727,3.9600000381469727,0.0,0.0
1121,2025-08-05 14:27:00-04:00,893,3.950000047683716,3.950000047683716,3.950000047683716,3.950000047683716,0.0,0.0
1122,2025-08-05 14:28:00-04:00,363,3.9549999237060547,3.9549999237060547,3.9549999237060547,3.9549999237060547,0.0,0.0
1123,2025-08-05 14:29:00-04:00,1006,3.950000047683716,3.9549999237060547,3.950000047683716,3.950000047683716,0.0,0.0
1124,2025-08-05 14:30:00-04:00,423,3.950000047683716,3.950900077819824,3.950000047683716,3.950900077819824,0.0,0.0
1125,2025-08-05 14:31:00-04:00,1079,3.950000047683716,3.9600000381469727,3.950000047683716,3.9600000381469727,0.0,0.0
1126,2025-08-05 14:32:00-04:00,107,3.9549999237060547,3.9549999237060547,3.9549999237060547,3.9549999237060547,0.0,0.0
1127,2025-08-05 14:33:00-04:00,1407,3.9549999237060547,3.9549999237060547,3.950000047683716,3.9549999237060547,0.0,0.0
1128,2025-08-05 14:34:00-04:00,478,3.950000047683716,3.950000047683716,3.950000047683716,3.950000047683716,0.0,0.0
1129,2025-08-05 14:35:00-04:00,455,3.950000047683716,3.950000047683716,3.950000047683716,3.950000047683716,0.0,0.0
1130,2025-08-05 14:36:00-04:00,916,3.950000047683716,3.9549999237060547,3.950000047683716,3.9549999237060547,0.0,0.0
1131,2025-08-05 14:37:00-04:00,609,3.9600000381469727,3.9600000381469727,3.950000047683716,3.950000047683716,0.0,0.0
1132,2025-08-05 14:38:00-04:00,310,3.9600000381469727,3.9600000381469727,3.9549999237060547,3.9600000381469727,0.0,0.0
1133,2025-08-05 14:39:00-04:00,4281,3.9600000381469727,3.9649999141693115,3.9549999237060547,3.9649999141693115,0.0,0.0
1134,2025-08-05 14:40:00-04:00,112,3.9649999141693115,3.9649999141693115,3.9649999141693115,3.9649999141693115,0.0,0.0
1135,2025-08-05 14:41:00-04:00,504,3.9600000381469727,3.9600000381469727,3.9600000381469727,3.9600000381469727,0.0,0.0
1136,2025-08-05 14:42:00-04:00,798,3.9600000381469727,3.960099935531616,3.9600000381469727,3.960099935531616,0.0,0.0
1137,2025-08-05 14:43:00-04:00,594,3.9649999141693115,3.9649999141693115,3.9600000381469727,3.9600000381469727,0.0,0.0
1138,2025-08-05 14:44:00-04:00,600,3.9600000381469727,3.9649999141693115,3.9600000381469727,3.9649999141693115,0.0,0.0
1139,2025-08-05 14:45:00-04:00,544,3.9600000381469727,3.9600000381469727,3.9600000381469727,3.9600000381469727,0.0,0.0
1140,2025-08-05 14:46:00-04:00,4032,3.9700000286102295,3.9700000286102295,3.9649999141693115,3.9649999141693115,0.0,0.0
1141,2025-08-05 14:47:00-04:00,2814,3.9649999141693115,3.9700000286102295,3.9600000381469727,3.9600000381469727,0.0,0.0
1142,2025-08-05 14:48:00-04:00,956,3.9600000381469727,3.9600000381469727,3.9600000381469727,3.9600000381469727,0.0,0.0
1143,2025-08-05 14:49:00-04:00,204,3.9600000381469727,3.9649999141693115,3.9600000381469727,3.9649999141693115,0.0,0.0
1144,2025-08-05 14:50:00-04:00,1207,3.9649999141693115,3.9700000286102295,3.9600000381469727,3.9600000381469727,0.0,0.0
1145,2025-08-05 14:51:00-04:00,600,3.9600000381469727,3.9649999141693115,3.9600000381469727,3.9649999141693115,0.0,0.0
1146,2025-08-05 14:52:00-04:00,775,3.9649999141693115,3.9649999141693115,3.9600000381469727,3.9649999141693115,0.0,0.0
1147,2025-08-05 14:53:00-04:00,1360,3.9649999141693115,3.9700000286102295,3.9649999141693115,3.9649999141693115,0.0,0.0
1148,2025-08-05 14:54:00-04:00,1903,3.969899892807007,3.969899892807007,3.9600000381469727,3.9649999141693115,0.0,0.0
1149,2025-08-05 14:55:00-04:00,305,3.9649999141693115,3.9649999141693115,3.9649999141693115,3.9649999141693115,0.0,0.0
1150,2025-08-05 14:56:00-04:00,1290,3.9649999141693115,3.9649999141693115,3.9600000381469727,3.9600000381469727,0.0,0.0
1151,2025-08-05 14:57:00-04:00,767,3.9649999141693115,3.9700000286102295,3.9600000381469727,3.9600000381469727,0.0,0.0
1152,2025-08-05 14:58:00-04:00,1219,3.9700000286102295,3.9700000286102295,3.9600000381469727,3.9600000381469727,0.0,0.0
1153,2025-08-05 14:59:00-04:00,3827,3.9649999141693115,3.9700000286102295,3.9649999141693115,3.9700000286102295,0.0,0.0
1154,2025-08-05 15:00:00-04:00,2518,3.9649999141693115,3.9649999141693115,3.9600000381469727,3.9649999141693115,0.0,0.0
1155,2025-08-05 15:01:00-04:00,608,3.9649999141693115,3.9649999141693115,3.9649999141693115,3.9649999141693115,0.0,0.0
1156,2025-08-05 15:02:00-04:00,3547,3.9649999141693115,3.9800000190734863,3.9649999141693115,3.9749999046325684,0.0,0.0
1157,2025-08-05 15:03:00-04:00,616,3.9800000190734863,3.9800000190734863,3.9700000286102295,3.9749999046325684,0.0,0.0
1158,2025-08-05 15:04:00-04:00,2682,3.9700000286102295,3.9800000190734863,3.9700000286102295,3.9749999046325684,0.0,0.0
1159,2025-08-05 15:05:00-04:00,807,3.9749999046325684,3.9798998832702637,3.9749999046325684,3.9798998832702637,0.0,0.0
1160,2025-08-05 15:06:00-04:00,1026,3.9749999046325684,3.9749999046325684,3.9749999046325684,3.9749999046325684,0.0,0.0
1161,2025-08-05 15:07:00-04:00,2424,3.9749999046325684,3.9800000190734863,3.9749999046325684,3.9749999046325684,0.0,0.0
1162,2025-08-05 15:08:00-04:00,308,3.9749999046325684,3.9749999046325684,3.9749999046325684,3.9749999046325684,0.0,0.0
1163,2025-08-05 15:09:00-04:00,1422,3.9749999046325684,3.9749999046325684,3.9749999046325684,3.9749999046325684,0.0,0.0
1164,2025-08-05 15:10:00-04:00,101,3.9749999046325684,3.9749999046325684,3.9749999046325684,3.9749999046325684,0.0,0.0
1165,2025-08-05 15:11:00-04:00,2261,3.9749999046325684,3.9749999046325684,3.9700000286102295,3.9749999046325684,0.0,0.0
1166,2025-08-05 15:12:00-04:00,3844,3.9749999046325684,3.984999895095825,3.9749999046325684,3.984999895095825,0.0,0.0
1167,2025-08-05 15:13:00-04:00,3963,3.984999895095825,3.984999895095825,3.984999895095825,3.984999895095825,0.0,0.0
1168,2025-08-05 15:14:00-04:00,1656,3.984999895095825,3.990000009536743,3.984999895095825,3.984999895095825,0.0,0.0
1169,2025-08-05 15:15:00-04:00,9001,3.9800000190734863,3.984999895095825,3.9749999046325684,3.984999895095825,0.0,0.0
1170,2025-08-05 15:16:00-04:00,1578,3.9800000190734863,3.984999895095825,3.9800000190734863,3.984999895095825,0.0,0.0
1171,2025-08-05 15:17:00-04:00,1538,3.984999895095825,3.984999895095825,3.984999895095825,3.984999895095825,0.0,0.0
1172,2025-08-05 15:18:00-04:00,470,3.984999895095825,3.984999895095825,3.984999895095825,3.984999895095825,0.0,0.0
1173,2025-08-05 15:19:00-04:00,770,3.984999895095825,3.984999895095825,3.984999895095825,3.984999895095825,0.0,0.0
1174,2025-08-05 15:20:00-04:00,1953,3.984999895095825,3.984999895095825,3.984999895095825,3.984999895095825,0.0,0.0
1175,2025-08-05 15:21:00-04:00,416,3.984999895095825,3.984999895095825,3.984999895095825,3.984999895095825,0.0,0.0
1176,2025-08-05 15:22:00-04:00,1148,3.984999895095825,3.984999895095825,3.984999895095825,3.984999895095825,0.0,0.0
1177,2025-08-05 15:23:00-04:00,1244,3.984999895095825,3.984999895095825,3.984999895095825,3.984999895095825,0.0,0.0
1178,2025-08-05 15:24:00-04:00,1441,3.984999895095825,3.984999895095825,3.984999895095825,3.984999895095825,0.0,0.0
1179,2025-08-05 15:25:00-04:00,2197,3.984999895095825,3.984999895095825,3.9800000190734863,3.984999895095825,0.0,0.0
1180,2025-08-05 15:26:00-04:00,1039,3.984999895095825,3.984999895095825,3.9800000190734863,3.984999895095825,0.0,0.0
1181,2025-08-05 15:27:00-04:00,1570,3.9800000190734863,3.984999895095825,3.9800000190734863,3.984999895095825,0.0,0.0
1182,2025-08-05 15:28:00-04:00,5213,3.984999895095825,3.984999895095825,3.9800000190734863,3.9800000190734863,0.0,0.0
1183,2025-08-05 15:29:00-04:00,1263,3.9800000190734863,3.9800000190734863,3.9800000190734863,3.9800000190734863,0.0,0.0
1184,2025-08-05 15:30:00-04:00,2474,3.9800000190734863,3.9800000190734863,3.9700000286102295,3.9700000286102295,0.0,0.0
1185,2025-08-05 15:31:00-04:00,3534,3.9700000286102295,3.9749999046325684,3.9700000286102295,3.9749999046325684,0.0,0.0
1186,2025-08-05 15:32:00-04:00,1442,3.9749999046325684,3.9749999046325684,3.9700000286102295,3.9700000286102295,0.0,0.0
1187,2025-08-05 15:33:00-04:00,1865,3.9749999046325684,3.9749999046325684,3.970900058746338,3.9749999046325684,0.0,0.0
1188,2025-08-05 15:34:00-04:00,1253,3.9749999046325684,3.9749999046325684,3.9749999046325684,3.9749999046325684,0.0,0.0
1189,2025-08-05 15:35:00-04:00,3386,3.9749999046325684,3.9800000190734863,3.9700000286102295,3.9700000286102295,0.0,0.0
1190,2025-08-05 15:36:00-04:00,4011,3.9700000286102295,3.9700000286102295,3.9600000381469727,3.9600000381469727,0.0,0.0
1191,2025-08-05 15:37:00-04:00,1267,3.9600000381469727,3.9700000286102295,3.9600000381469727,3.9600000381469727,0.0,0.0
1192,2025-08-05 15:38:00-04:00,22822,3.9600000381469727,3.9749999046325684,3.9600000381469727,3.9749999046325684,0.0,0.0
1193,2025-08-05 15:39:00-04:00,661,3.9749999046325684,3.9749999046325684,3.9749999046325684,3.9749999046325684,0.0,0.0
1194,2025-08-05 15:40:00-04:00,7903,3.9749999046325684,3.9749999046325684,3.9649999141693115,3.9649999141693115,0.0,0.0
1195,2025-08-05 15:41:00-04:00,3853,3.9649999141693115,3.9649999141693115,3.9649999141693115,3.9649999141693115,0.0,0.0
1196,2025-08-05 15:42:00-04:00,1351,3.9649999141693115,3.9700000286102295,3.9649999141693115,3.9700000286102295,0.0,0.0
1197,2025-08-05 15:43:00-04:00,3733,3.9600000381469727,3.9649999141693115,3.9600000381469727,3.9649999141693115,0.0,0.0
1198,2025-08-05 15:44:00-04:00,1299,3.9649999141693115,3.9649999141693115,3.9600000381469727,3.9649999141693115,0.0,0.0
1199,2025-08-05 15:45:00-04:00,3024,3.9600000381469727,3.9649999141693115,3.9600000381469727,3.9649999141693115,0.0,0.0
1200,2025-08-05 15:46:00-04:00,6385,3.9600000381469727,3.9600000381469727,3.950000047683716,3.950000047683716,0.0,0.0
1201,2025-08-05 15:47:00-04:00,6441,3.950000047683716,3.9549999237060547,3.944999933242798,3.944999933242798,0.0,0.0
1202,2025-08-05 15:48:00-04:00,17278,3.950000047683716,3.9549999237060547,3.944999933242798,3.944999933242798,0.0,0.0
1203,2025-08-05 15:49:00-04:00,22386,3.944999933242798,3.9700000286102295,3.944999933242798,3.9649999141693115,0.0,0.0
1204,2025-08-05 15:50:00-04:00,3734,3.9649999141693115,3.9749999046325684,3.9649999141693115,3.9749999046325684,0.0,0.0
1205,2025-08-05 15:51:00-04:00,7354,3.9700000286102295,3.9749999046325684,3.9649999141693115,3.9649999141693115,0.0,0.0
1206,2025-08-05 15:52:00-04:00,3711,3.9600000381469727,3.9600000381469727,3.9600000381469727,3.9600000381469727,0.0,0.0
1207,2025-08-05 15:53:00-04:00,12052,3.9600000381469727,3.9649999141693115,3.9600000381469727,3.9600000381469727,0.0,0.0
1208,2025-08-05 15:54:00-04:00,3943,3.9649999141693115,3.9649999141693115,3.9600000381469727,3.9600000381469727,0.0,0.0
1209,2025-08-05 15:55:00-04:00,6368,3.9649999141693115,3.9649999141693115,3.9600000381469727,3.9600000381469727,0.0,0.0
1210,2025-08-05 15:56:00-04:00,10556,3.9600000381469727,3.9649999141693115,3.944999933242798,3.944999933242798,0.0,0.0
1211,2025-08-05 15:57:00-04:00,5622,3.944999933242798,3.944999933242798,3.940000057220459,3.944999933242798,0.0,0.0
1212,2025-08-05 15:58:00-04:00,22939,3.940000057220459,3.944999933242798,3.930000066757202,3.934999942779541,0.0,0.0
1213,2025-08-05 15:59:00-04:00,33525,3.934999942779541,3.944999933242798,3.9200000762939453,3.930000066757202,0.0,0.0
1214,2025-08-06 09:30:00-04:00,39625,4.0,4.0,3.9700000286102295,3.9700000286102295,0.0,0.0
1215,2025-08-06 09:31:00-04:00,376,3.978800058364868,3.978800058364868,3.978800058364868,3.978800058364868,0.0,0.0
1216,2025-08-06 09:36:00-04:00,196,3.9700000286102295,3.9700000286102295,3.9700000286102295,3.9700000286102295,0.0,0.0
1217,2025-08-06 09:38:00-04:00,21388,3.9600000381469727,3.9600000381469727,3.940000057220459,3.940000057220459,0.0,0.0
1218,2025-08-06 09:41:00-04:00,2185,3.940000057220459,3.9600000381469727,3.940000057220459,3.9600000381469727,0.0,0.0
1219,2025-08-06 09:42:00-04:00,816,3.9600000381469727,3.9600000381469727,3.9600000381469727,3.9600000381469727,0.0,0.0
1220,2025-08-06 09:44:00-04:00,1475,3.9549999237060547,3.9600000381469727,3.9549999237060547,3.9600000381469727,0.0,0.0
1221,2025-08-06 09:45:00-04:00,164,3.9549999237060547,3.9549999237060547,3.9549999237060547,3.9549999237060547,0.0,0.0
1222,2025-08-06 09:47:00-04:00,570,3.9549999237060547,3.9549999237060547,3.9549999237060547,3.9549999237060547,0.0,0.0
1223,2025-08-06 09:49:00-04:00,898,3.9549999237060547,3.9600000381469727,3.950000047683716,3.950000047683716,0.0,0.0
1224,2025-08-06 09:51:00-04:00,440,3.950000047683716,3.950000047683716,3.950000047683716,3.950000047683716,0.0,0.0
1225,2025-08-06 09:53:00-04:00,1077,3.9451000690460205,3.950000047683716,3.944999933242798,3.950000047683716,0.0,0.0
1226,2025-08-06 09:54:00-04:00,5204,3.950000047683716,3.950000047683716,3.950000047683716,3.950000047683716,0.0,0.0
1227,2025-08-06 09:56:00-04:00,188,3.950000047683716,3.950000047683716,3.950000047683716,3.950000047683716,0.0,0.0
1228,2025-08-06 09:57:00-04:00,1647,3.950000047683716,3.950000047683716,3.950000047683716,3.950000047683716,0.0,0.0
1229,2025-08-06 09:59:00-04:00,448,3.950000047683716,3.950000047683716,3.950000047683716,3.950000047683716,0.0,0.0
1230,2025-08-06 10:01:00-04:00,113,3.9549999237060547,3.9549999237060547,3.9549999237060547,3.9549999237060547,0.0,0.0
1231,2025-08-06 10:02:00-04:00,450,3.950000047683716,3.9549999237060547,3.950000047683716,3.9549999237060547,0.0,0.0
1232,2025-08-06 10:04:00-04:00,200,3.950000047683716,3.950000047683716,3.950000047683716,3.950000047683716,0.0,0.0
1233,2025-08-06 10:05:00-04:00,713,3.9600000381469727,3.9600000381469727,3.9549999237060547,3.9549999237060547,0.0,0.0
1234,2025-08-06 10:06:00-04:00,284,3.9600000381469727,3.9600000381469727,3.9600000381469727,3.9600000381469727,0.0,0.0
1235,2025-08-06 10:07:00-04:00,374,3.950000047683716,3.950000047683716,3.950000047683716,3.950000047683716,0.0,0.0
1236,2025-08-06 10:08:00-04:00,3862,3.9600000381469727,3.9600000381469727,3.9549999237060547,3.9600000381469727,0.0,0.0
1237,2025-08-06 10:09:00-04:00,9895,3.9600000381469727,3.9600000381469727,3.940000057220459,3.940000057220459,0.0,0.0
1238,2025-08-06 10:10:00-04:00,1758,3.930000066757202,3.930000066757202,3.930000066757202,3.930000066757202,0.0,0.0
1239,2025-08-06 10:11:00-04:00,137,3.924999952316284,3.924999952316284,3.924999952316284,3.924999952316284,0.0,0.0
1240,2025-08-06 10:12:00-04:00,102,3.924999952316284,3.924999952316284,3.924999952316284,3.924999952316284,0.0,0.0
1241,2025-08-06 10:13:00-04:00,614,3.924999952316284,3.924999952316284,3.9200000762939453,3.9200000762939453,0.0,0.0
1242,2025-08-06 10:14:00-04:00,255,3.924999952316284,3.924999952316284,3.924999952316284,3.924999952316284,0.0,0.0
1243,2025-08-06 10:17:00-04:00,215,3.9209001064300537,3.9209001064300537,3.9209001064300537,3.9209001064300537,0.0,0.0
1244,2025-08-06 10:18:00-04:00,1258,3.920099973678589,3.920099973678589,3.920099973678589,3.920099973678589,0.0,0.0
1245,2025-08-06 10:19:00-04:00,320,3.9200000762939453,3.9200000762939453,3.9200000762939453,3.9200000762939453,0.0,0.0
1246,2025-08-06 10:20:00-04:00,547,3.920599937438965,3.920599937438965,3.920599937438965,3.920599937438965,0.0,0.0
1247,2025-08-06 10:21:00-04:00,841,3.9200000762939453,3.9200000762939453,3.9200000762939453,3.9200000762939453,0.0,0.0
1248,2025-08-06 10:22:00-04:00,400,3.9149999618530273,3.9149999618530273,3.9149999618530273,3.9149999618530273,0.0,0.0
1249,2025-08-06 10:23:00-04:00,266,3.9149999618530273,3.9149999618530273,3.9149999618530273,3.9149999618530273,0.0,0.0
1250,2025-08-06 10:24:00-04:00,300,3.9049999713897705,3.9049999713897705,3.9049999713897705,3.9049999713897705,0.0,0.0
1251,2025-08-06 10:25:00-04:00,5238,3.9070000648498535,3.9070000648498535,3.9049999713897705,3.9049999713897705,0.0,0.0
1252,2025-08-06 10:26:00-04:00,226,3.9049999713897705,3.9049999713897705,3.9049999713897705,3.9049999713897705,0.0,0.0
1253,2025-08-06 10:27:00-04:00,1193,3.9100000858306885,3.9100000858306885,3.9100000858306885,3.9100000858306885,0.0,0.0
1254,2025-08-06 10:29:00-04:00,1455,3.914599895477295,3.914599895477295,3.914599895477295,3.914599895477295,0.0,0.0
1255,2025-08-06 10:30:00-04:00,272,3.9189999103546143,3.9189999103546143,3.9189999103546143,3.9189999103546143,0.0,0.0
1256,2025-08-06 10:31:00-04:00,905,3.9149999618530273,3.9149999618530273,3.9149999618530273,3.9149999618530273,0.0,0.0
1257,2025-08-06 10:34:00-04:00,123,3.9049999713897705,3.9049999713897705,3.9049999713897705,3.9049999713897705,0.0,0.0
1258,2025-08-06 10:36:00-04:00,1724,3.9049999713897705,3.9100000858306885,3.9049999713897705,3.9100000858306885,0.0,0.0
1259,2025-08-06 10:37:00-04:00,910,3.910900115966797,3.910900115966797,3.910900115966797,3.910900115966797,0.0,0.0
1260,2025-08-06 10:40:00-04:00,672,3.919100046157837,3.919100046157837,3.919100046157837,3.919100046157837,0.0,0.0
1261,2025-08-06 10:41:00-04:00,3727,3.9149999618530273,3.9149999618530273,3.9100000858306885,3.9149999618530273,0.0,0.0
1262,2025-08-06 10:42:00-04:00,507,3.9100000858306885,3.9149999618530273,3.9100000858306885,3.9149999618530273,0.0,0.0
1263,2025-08-06 10:43:00-04:00,2030,3.9191999435424805,3.9191999435424805,3.9191999435424805,3.9191999435424805,0.0,0.0
1264,2025-08-06 10:44:00-04:00,1138,3.919100046157837,3.919100046157837,3.9149999618530273,3.9149999618530273,0.0,0.0
1265,2025-08-06 10:45:00-04:00,324,3.9144999980926514,3.9149999618530273,3.9144999980926514,3.9149999618530273,0.0,0.0
1266,2025-08-06 10:46:00-04:00,154,3.9149999618530273,3.9149999618530273,3.9149999618530273,3.9149999618530273,0.0,0.0
1267,2025-08-06 10:50:00-04:00,200,3.9149999618530273,3.9149999618530273,3.9149999618530273,3.9149999618530273,0.0,0.0
1268,2025-08-06 10:51:00-04:00,12760,3.9149999618530273,3.924999952316284,3.9100000858306885,3.924999952316284,0.0,0.0
1269,2025-08-06 10:52:00-04:00,911,3.924999952316284,3.924999952316284,3.9200000762939453,3.9200000762939453,0.0,0.0
1270,2025-08-06 10:53:00-04:00,125,3.924999952316284,3.924999952316284,3.924999952316284,3.924999952316284,0.0,0.0
1271,2025-08-06 10:54:00-04:00,104,3.924999952316284,3.924999952316284,3.924999952316284,3.924999952316284,0.0,0.0
1272,2025-08-06 10:55:00-04:00,766,3.930000066757202,3.930000066757202,3.930000066757202,3.930000066757202,0.0,0.0
1273,2025-08-06 10:57:00-04:00,372,3.939300060272217,3.939300060272217,3.939300060272217,3.939300060272217,0.0,0.0
1274,2025-08-06 11:03:00-04:00,411,3.934999942779541,3.934999942779541,3.934999942779541,3.934999942779541,0.0,0.0
1275,2025-08-06 11:06:00-04:00,175,3.9388999938964844,3.9388999938964844,3.9388999938964844,3.9388999938964844,0.0,0.0
1276,2025-08-06 11:08:00-04:00,169,3.9310998916625977,3.9310998916625977,3.9310998916625977,3.9310998916625977,0.0,0.0
1277,2025-08-06 11:09:00-04:00,100,3.934999942779541,3.934999942779541,3.934999942779541,3.934999942779541,0.0,0.0
1278,2025-08-06 11:10:00-04:00,312,3.930000066757202,3.930000066757202,3.930000066757202,3.930000066757202,0.0,0.0
1279,2025-08-06 11:15:00-04:00,3312,3.9309000968933105,3.9309000968933105,3.9149999618530273,3.9149999618530273,0.0,0.0
1280,2025-08-06 11:17:00-04:00,500,3.919100046157837,3.919100046157837,3.919100046157837,3.919100046157837,0.0,0.0
1281,2025-08-06 11:18:00-04:00,8716,3.9200000762939453,3.934999942779541,3.9200000762939453,3.934999942779541,0.0,0.0
1282,2025-08-06 11:19:00-04:00,417,3.934999942779541,3.934999942779541,3.934999942779541,3.934999942779541,0.0,0.0
1283,2025-08-06 11:20:00-04:00,5000,3.9307000637054443,3.9307000637054443,3.9307000637054443,3.9307000637054443,0.0,0.0
1284,2025-08-06 11:21:00-04:00,728,3.934999942779541,3.934999942779541,3.9309000968933105,3.9309000968933105,0.0,0.0
1285,2025-08-06 11:22:00-04:00,135,3.934999942779541,3.934999942779541,3.934999942779541,3.934999942779541,0.0,0.0
1286,2025-08-06 11:23:00-04:00,198,3.934999942779541,3.934999942779541,3.934999942779541,3.934999942779541,0.0,0.0
1287,2025-08-06 11:24:00-04:00,4085,3.930799961090088,3.934999942779541,3.924999952316284,3.924999952316284,0.0,0.0
1288,2025-08-06 11:25:00-04:00,117,3.924999952316284,3.924999952316284,3.924999952316284,3.924999952316284,0.0,0.0
1289,2025-08-06 11:26:00-04:00,144,3.924999952316284,3.924999952316284,3.924999952316284,3.924999952316284,0.0,0.0
1290,2025-08-06 11:28:00-04:00,1058,3.9254000186920166,3.9254000186920166,3.9254000186920166,3.9254000186920166,0.0,0.0
1291,2025-08-06 11:29:00-04:00,289,3.930000066757202,3.930000066757202,3.930000066757202,3.930000066757202,0.0,0.0
1292,2025-08-06 11:31:00-04:00,1091,3.930000066757202,3.930000066757202,3.930000066757202,3.930000066757202,0.0,0.0
1293,2025-08-06 11:32:00-04:00,321,3.940000057220459,3.940000057220459,3.940000057220459,3.940000057220459,0.0,0.0
1294,2025-08-06 11:33:00-04:00,493,3.940000057220459,3.940000057220459,3.940000057220459,3.940000057220459,0.0,0.0
1295,2025-08-06 11:34:00-04:00,249,3.940000057220459,3.940000057220459,3.940000057220459,3.940000057220459,0.0,0.0
1296,2025-08-06 11:35:00-04:00,1186,3.930999994277954,3.934999942779541,3.930999994277954,3.934999942779541,0.0,0.0
1297,2025-08-06 11:36:00-04:00,1132,3.934999942779541,3.934999942779541,3.930000066757202,3.930000066757202,0.0,0.0
1298,2025-08-06 11:37:00-04:00,3690,3.9291999340057373,3.9291999340057373,3.922499895095825,3.924999952316284,0.0,0.0
1299,2025-08-06 11:38:00-04:00,300,3.924999952316284,3.924999952316284,3.924999952316284,3.924999952316284,0.0,0.0
1300,2025-08-06 11:39:00-04:00,12676,3.924999952316284,3.930000066757202,3.924999952316284,3.924999952316284,0.0,0.0
1301,2025-08-06 11:40:00-04:00,2817,3.924999952316284,3.924999952316284,3.924999952316284,3.924999952316284,0.0,0.0
1302,2025-08-06 11:41:00-04:00,476,3.924999952316284,3.924999952316284,3.924999952316284,3.924999952316284,0.0,0.0
1303,2025-08-06 11:42:00-04:00,122,3.924999952316284,3.924999952316284,3.924999952316284,3.924999952316284,0.0,0.0
1304,2025-08-06 11:44:00-04:00,119,3.924999952316284,3.924999952316284,3.924999952316284,3.924999952316284,0.0,0.0
1305,2025-08-06 11:47:00-04:00,170,3.924999952316284,3.924999952316284,3.924999952316284,3.924999952316284,0.0,0.0
1306,2025-08-06 11:51:00-04:00,8658,3.930000066757202,3.944999933242798,3.930000066757202,3.944999933242798,0.0,0.0
1307,2025-08-06 11:53:00-04:00,511,3.944999933242798,3.944999933242798,3.94350004196167,3.94350004196167,0.0,0.0
1308,2025-08-06 11:55:00-04:00,315,3.944999933242798,3.944999933242798,3.944999933242798,3.944999933242798,0.0,0.0
1309,2025-08-06 11:57:00-04:00,403,3.940000057220459,3.940000057220459,3.940000057220459,3.940000057220459,0.0,0.0
1310,2025-08-06 12:00:00-04:00,136,3.940000057220459,3.940000057220459,3.940000057220459,3.940000057220459,0.0,0.0
1311,2025-08-06 12:04:00-04:00,159,3.940000057220459,3.940000057220459,3.940000057220459,3.940000057220459,0.0,0.0
1312,2025-08-06 12:05:00-04:00,2961,3.9488000869750977,3.949899911880493,3.9451000690460205,3.949899911880493,0.0,0.0
1313,2025-08-06 12:06:00-04:00,115,3.944999933242798,3.944999933242798,3.944999933242798,3.944999933242798,0.0,0.0
1314,2025-08-06 12:09:00-04:00,154,3.9488000869750977,3.9488000869750977,3.9488000869750977,3.9488000869750977,0.0,0.0
1315,2025-08-06 12:10:00-04:00,171,3.944999933242798,3.944999933242798,3.944999933242798,3.944999933242798,0.0,0.0
1316,2025-08-06 12:13:00-04:00,392,3.941200017929077,3.941200017929077,3.940000057220459,3.940000057220459,0.0,0.0
1317,2025-08-06 12:14:00-04:00,224,3.944999933242798,3.944999933242798,3.944999933242798,3.944999933242798,0.0,0.0
1318,2025-08-06 12:17:00-04:00,119,3.940000057220459,3.940000057220459,3.940000057220459,3.940000057220459,0.0,0.0
1319,2025-08-06 12:20:00-04:00,2631,3.944999933242798,3.944999933242798,3.940000057220459,3.944999933242798,0.0,0.0
1320,2025-08-06 12:22:00-04:00,154,3.944999933242798,3.944999933242798,3.944999933242798,3.944999933242798,0.0,0.0
1321,2025-08-06 12:23:00-04:00,120,3.940000057220459,3.940000057220459,3.940000057220459,3.940000057220459,0.0,0.0
1322,2025-08-06 12:26:00-04:00,1522,3.944999933242798,3.944999933242798,3.944999933242798,3.944999933242798,0.0,0.0
1323,2025-08-06 12:28:00-04:00,3719,3.944999933242798,3.947999954223633,3.944999933242798,3.944999933242798,0.0,0.0
1324,2025-08-06 12:30:00-04:00,163,3.940000057220459,3.940000057220459,3.940000057220459,3.940000057220459,0.0,0.0
1325,2025-08-06 12:31:00-04:00,129,3.944999933242798,3.944999933242798,3.944999933242798,3.944999933242798,0.0,0.0
1326,2025-08-06 12:32:00-04:00,437,3.944999933242798,3.944999933242798,3.944999933242798,3.944999933242798,0.0,0.0
1327,2025-08-06 12:36:00-04:00,165,3.944999933242798,3.944999933242798,3.944999933242798,3.944999933242798,0.0,0.0
1328,2025-08-06 12:37:00-04:00,204,3.944999933242798,3.944999933242798,3.944999933242798,3.944999933242798,0.0,0.0
1329,2025-08-06 12:40:00-04:00,749,3.9419000148773193,3.9419000148773193,3.9419000148773193,3.9419000148773193,0.0,0.0
1330,2025-08-06 12:41:00-04:00,587,3.944999933242798,3.944999933242798,3.944999933242798,3.944999933242798,0.0,0.0
1331,2025-08-06 12:43:00-04:00,262,3.944999933242798,3.944999933242798,3.944999933242798,3.944999933242798,0.0,0.0
1332,2025-08-06 12:44:00-04:00,1018,3.944999933242798,3.944999933242798,3.944999933242798,3.944999933242798,0.0,0.0
1333,2025-08-06 12:54:00-04:00,1165,3.940999984741211,3.940999984741211,3.940999984741211,3.940999984741211,0.0,0.0
1334,2025-08-06 12:55:00-04:00,906,3.940999984741211,3.940999984741211,3.940999984741211,3.940999984741211,0.0,0.0
1335,2025-08-06 13:00:00-04:00,124,3.944999933242798,3.944999933242798,3.944999933242798,3.944999933242798,0.0,0.0
1336,2025-08-06 13:01:00-04:00,11485,3.940000057220459,3.940000057220459,3.930000066757202,3.934999942779541,0.0,0.0
1337,2025-08-06 13:02:00-04:00,4614,3.930000066757202,3.930000066757202,3.924999952316284,3.924999952316284,0.0,0.0
1338,2025-08-06 13:03:00-04:00,408,3.924999952316284,3.924999952316284,3.924999952316284,3.924999952316284,0.0,0.0
1339,2025-08-06 13:04:00-04:00,421,3.924999952316284,3.924999952316284,3.924999952316284,3.924999952316284,0.0,0.0
1340,2025-08-06 13:05:00-04:00,1412,3.924999952316284,3.924999952316284,3.9210000038146973,3.9210000038146973,0.0,0.0
1341,2025-08-06 13:07:00-04:00,535,3.924999952316284,3.924999952316284,3.924999952316284,3.924999952316284,0.0,0.0
1342,2025-08-06 13:08:00-04:00,214,3.924999952316284,3.924999952316284,3.924999952316284,3.924999952316284,0.0,0.0
1343,2025-08-06 13:09:00-04:00,7564,3.924999952316284,3.944999933242798,3.924999952316284,3.944999933242798,0.0,0.0
1344,2025-08-06 13:10:00-04:00,200,3.944999933242798,3.944999933242798,3.944999933242798,3.944999933242798,0.0,0.0
1345,2025-08-06 13:11:00-04:00,212,3.944999933242798,3.944999933242798,3.944999933242798,3.944999933242798,0.0,0.0
1346,2025-08-06 13:13:00-04:00,135,3.944999933242798,3.944999933242798,3.944999933242798,3.944999933242798,0.0,0.0
1347,2025-08-06 13:14:00-04:00,100,3.944999933242798,3.944999933242798,3.944999933242798,3.944999933242798,0.0,0.0
1348,2025-08-06 13:15:00-04:00,273,3.944999933242798,3.944999933242798,3.944999933242798,3.944999933242798,0.0,0.0
1349,2025-08-06 13:17:00-04:00,183,3.944999933242798,3.944999933242798,3.944999933242798,3.944999933242798,0.0,0.0
1350,2025-08-06 13:18:00-04:00,102,3.944999933242798,3.944999933242798,3.944999933242798,3.944999933242798,0.0,0.0
1351,2025-08-06 13:19:00-04:00,162,3.944999933242798,3.944999933242798,3.944999933242798,3.944999933242798,0.0,0.0
1352,2025-08-06 13:20:00-04:00,225,3.944999933242798,3.944999933242798,3.944999933242798,3.944999933242798,0.0,0.0
1353,2025-08-06 13:21:00-04:00,193,3.944999933242798,3.944999933242798,3.944999933242798,3.944999933242798,0.0,0.0
1354,2025-08-06 13:22:00-04:00,3000,3.9409000873565674,3.9409000873565674,3.9409000873565674,3.9409000873565674,0.0,0.0
1355,2025-08-06 13:23:00-04:00,269,3.944999933242798,3.944999933242798,3.944999933242798,3.944999933242798,0.0,0.0
1356,2025-08-06 13:24:00-04:00,314,3.944999933242798,3.944999933242798,3.944999933242798,3.944999933242798,0.0,0.0
1357,2025-08-06 13:25:00-04:00,137,3.944999933242798,3.944999933242798,3.944999933242798,3.944999933242798,0.0,0.0
1358,2025-08-06 13:26:00-04:00,403,3.944999933242798,3.944999933242798,3.944999933242798,3.944999933242798,0.0,0.0
1359,2025-08-06 13:28:00-04:00,227,3.944999933242798,3.944999933242798,3.940000057220459,3.940000057220459,0.0,0.0
1360,2025-08-06 13:29:00-04:00,183,3.944999933242798,3.944999933242798,3.944999933242798,3.944999933242798,0.0,0.0
1361,2025-08-06 13:30:00-04:00,100,3.944999933242798,3.944999933242798,3.944999933242798,3.944999933242798,0.0,0.0
1362,2025-08-06 13:31:00-04:00,310,3.944999933242798,3.944999933242798,3.944999933242798,3.944999933242798,0.0,0.0
1363,2025-08-06 13:33:00-04:00,9185,3.944999933242798,3.9600000381469727,3.944999933242798,3.9600000381469727,0.0,0.0
1364,2025-08-06 13:34:00-04:00,3883,3.9700000286102295,3.984999895095825,3.9700000286102295,3.984999895095825,0.0,0.0
1365,2025-08-06 13:35:00-04:00,4961,3.984999895095825,3.984999895095825,3.9800000190734863,3.984999895095825,0.0,0.0
1366,2025-08-06 13:36:00-04:00,2230,3.984999895095825,3.9899001121520996,3.984999895095825,3.984999895095825,0.0,0.0
1367,2025-08-06 13:37:00-04:00,531,3.984999895095825,3.984999895095825,3.984999895095825,3.984999895095825,0.0,0.0
1368,2025-08-06 13:38:00-04:00,103,3.984999895095825,3.984999895095825,3.984999895095825,3.984999895095825,0.0,0.0
1369,2025-08-06 13:39:00-04:00,346,3.984999895095825,3.984999895095825,3.984999895095825,3.984999895095825,0.0,0.0
1370,2025-08-06 13:40:00-04:00,300,3.984999895095825,3.984999895095825,3.984999895095825,3.984999895095825,0.0,0.0
1371,2025-08-06 13:42:00-04:00,144,3.984999895095825,3.984999895095825,3.984999895095825,3.984999895095825,0.0,0.0
1372,2025-08-06 13:43:00-04:00,4186,3.990000009536743,3.994999885559082,3.990000009536743,3.994999885559082,0.0,0.0
1373,2025-08-06 13:44:00-04:00,1337,3.994999885559082,3.994999885559082,3.990299940109253,3.994999885559082,0.0,0.0
1374,2025-08-06 13:45:00-04:00,126,3.994999885559082,3.994999885559082,3.994999885559082,3.994999885559082,0.0,0.0
1375,2025-08-06 13:46:00-04:00,113,3.994999885559082,3.994999885559082,3.994999885559082,3.994999885559082,0.0,0.0
1376,2025-08-06 13:47:00-04:00,7557,4.0,4.0,3.990799903869629,3.994999885559082,0.0,0.0
1377,2025-08-06 13:48:00-04:00,775,3.990999937057495,3.994999885559082,3.990999937057495,3.994999885559082,0.0,0.0
1378,2025-08-06 13:49:00-04:00,558,3.994999885559082,3.994999885559082,3.994999885559082,3.994999885559082,0.0,0.0
1379,2025-08-06 13:50:00-04:00,6789,3.994999885559082,3.994999885559082,3.984999895095825,3.984999895095825,0.0,0.0
1380,2025-08-06 13:51:00-04:00,400,3.984999895095825,3.984999895095825,3.984999895095825,3.984999895095825,0.0,0.0
1381,2025-08-06 13:52:00-04:00,236,3.984999895095825,3.984999895095825,3.984999895095825,3.984999895095825,0.0,0.0
1382,2025-08-06 13:53:00-04:00,319,3.984999895095825,3.984999895095825,3.984999895095825,3.984999895095825,0.0,0.0
1383,2025-08-06 13:54:00-04:00,1247,3.9890999794006348,3.9890999794006348,3.9800000190734863,3.984999895095825,0.0,0.0
1384,2025-08-06 13:55:00-04:00,307,3.981300115585327,3.984999895095825,3.981300115585327,3.984999895095825,0.0,0.0
1385,2025-08-06 13:56:00-04:00,311,3.984999895095825,3.984999895095825,3.984999895095825,3.984999895095825,0.0,0.0
1386,2025-08-06 13:57:00-04:00,129,3.984999895095825,3.984999895095825,3.984999895095825,3.984999895095825,0.0,0.0
1387,2025-08-06 13:58:00-04:00,1563,3.9800000190734863,3.984999895095825,3.9800000190734863,3.984999895095825,0.0,0.0
1388,2025-08-06 13:59:00-04:00,539,3.984999895095825,3.990000009536743,3.984999895095825,3.984999895095825,0.0,0.0
1389,2025-08-06 14:00:00-04:00,413,3.984999895095825,3.989000082015991,3.984999895095825,3.989000082015991,0.0,0.0
1390,2025-08-06 14:01:00-04:00,310,3.984999895095825,3.990000009536743,3.984999895095825,3.990000009536743,0.0,0.0
1391,2025-08-06 14:02:00-04:00,101,3.984999895095825,3.984999895095825,3.984999895095825,3.984999895095825,0.0,0.0
1392,2025-08-06 14:03:00-04:00,281,3.984999895095825,3.990000009536743,3.984999895095825,3.990000009536743,0.0,0.0
1393,2025-08-06 14:04:00-04:00,2512,3.984999895095825,3.984999895095825,3.9848999977111816,3.984999895095825,0.0,0.0
1394,2025-08-06 14:05:00-04:00,414,3.990000009536743,3.990000009536743,3.984999895095825,3.984999895095825,0.0,0.0
1395,2025-08-06 14:06:00-04:00,427,3.984999895095825,3.984999895095825,3.9800000190734863,3.9800000190734863,0.0,0.0
1396,2025-08-06 14:07:00-04:00,4437,3.984999895095825,3.994999885559082,3.984999895095825,3.994999885559082,0.0,0.0
1397,2025-08-06 14:08:00-04:00,3712,4.0,4.010000228881836,4.0,4.010000228881836,0.0,0.0
1398,2025-08-06 14:09:00-04:00,25747,4.005000114440918,4.019999980926514,4.005000114440918,4.0183000564575195,0.0,0.0
1399,2025-08-06 14:10:00-04:00,1667,4.014999866485596,4.014999866485596,4.011099815368652,4.014999866485596,0.0,0.0
1400,2025-08-06 14:11:00-04:00,915,4.014999866485596,4.014999866485596,4.014999866485596,4.014999866485596,0.0,0.0
1401,2025-08-06 14:12:00-04:00,11720,4.019999980926514,4.025000095367432,4.019999980926514,4.025000095367432,0.0,0.0
1402,2025-08-06 14:13:00-04:00,803,4.025000095367432,4.025000095367432,4.025000095367432,4.025000095367432,0.0,0.0
1403,2025-08-06 14:14:00-04:00,13651,4.025000095367432,4.025000095367432,4.019999980926514,4.025000095367432,0.0,0.0
1404,2025-08-06 14:15:00-04:00,200,4.025000095367432,4.025000095367432,4.025000095367432,4.025000095367432,0.0,0.0
1405,2025-08-06 14:16:00-04:00,100,4.025000095367432,4.025000095367432,4.025000095367432,4.025000095367432,0.0,0.0
1406,2025-08-06 14:17:00-04:00,225,4.025000095367432,4.025000095367432,4.025000095367432,4.025000095367432,0.0,0.0
1407,2025-08-06 14:20:00-04:00,1326,4.025000095367432,4.025000095367432,4.025000095367432,4.025000095367432,0.0,0.0
1408,2025-08-06 14:21:00-04:00,3912,4.025000095367432,4.025700092315674,4.025000095367432,4.025000095367432,0.0,0.0
1409,2025-08-06 14:22:00-04:00,3106,4.025000095367432,4.025000095367432,4.019999980926514,4.025000095367432,0.0,0.0
1410,2025-08-06 14:23:00-04:00,1122,4.025000095367432,4.025000095367432,4.019999980926514,4.025000095367432,0.0,0.0
1411,2025-08-06 14:24:00-04:00,2835,4.025000095367432,4.025000095367432,4.019999980926514,4.025000095367432,0.0,0.0
1412,2025-08-06 14:25:00-04:00,907,4.025000095367432,4.025000095367432,4.019999980926514,4.025000095367432,0.0,0.0
1413,2025-08-06 14:26:00-04:00,1007,4.019999980926514,4.025000095367432,4.019999980926514,4.025000095367432,0.0,0.0
1414,2025-08-06 14:27:00-04:00,527,4.019999980926514,4.025000095367432,4.019999980926514,4.019999980926514,0.0,0.0
1415,2025-08-06 14:28:00-04:00,9364,4.019999980926514,4.025000095367432,4.014999866485596,4.014999866485596,0.0,0.0
1416,2025-08-06 14:29:00-04:00,592,4.014999866485596,4.014999866485596,4.010000228881836,4.010000228881836,0.0,0.0
1417,2025-08-06 14:30:00-04:00,237,4.010000228881836,4.010000228881836,4.010000228881836,4.010000228881836,0.0,0.0
1418,2025-08-06 14:31:00-04:00,1324,4.010000228881836,4.014999866485596,4.010000228881836,4.010000228881836,0.0,0.0
1419,2025-08-06 14:32:00-04:00,1943,4.014999866485596,4.014999866485596,4.010000228881836,4.010000228881836,0.0,0.0
1420,2025-08-06 14:33:00-04:00,2063,4.014999866485596,4.019000053405762,4.014999866485596,4.019000053405762,0.0,0.0
1421,2025-08-06 14:34:00-04:00,822,4.014999866485596,4.014999866485596,4.014999866485596,4.014999866485596,0.0,0.0
1422,2025-08-06 14:35:00-04:00,402,4.014999866485596,4.014999866485596,4.014999866485596,4.014999866485596,0.0,0.0
1423,2025-08-06 14:36:00-04:00,673,4.014999866485596,4.014999866485596,4.014999866485596,4.014999866485596,0.0,0.0
1424,2025-08-06 14:37:00-04:00,453,4.014999866485596,4.014999866485596,4.014999866485596,4.014999866485596,0.0,0.0
1425,2025-08-06 14:38:00-04:00,345,4.014999866485596,4.014999866485596,4.014999866485596,4.014999866485596,0.0,0.0
1426,2025-08-06 14:39:00-04:00,3083,4.014999866485596,4.017000198364258,4.010000228881836,4.017000198364258,0.0,0.0
1427,2025-08-06 14:40:00-04:00,3448,4.014999866485596,4.014999866485596,4.010000228881836,4.010000228881836,0.0,0.0
1428,2025-08-06 14:41:00-04:00,4028,4.010000228881836,4.010000228881836,4.005000114440918,4.005000114440918,0.0,0.0
1429,2025-08-06 14:42:00-04:00,1154,4.005000114440918,4.005000114440918,4.0,4.005000114440918,0.0,0.0
1430,2025-08-06 14:43:00-04:00,1395,4.005000114440918,4.005000114440918,4.004700183868408,4.005000114440918,0.0,0.0
1431,2025-08-06 14:44:00-04:00,901,4.005000114440918,4.005000114440918,4.005000114440918,4.005000114440918,0.0,0.0
1432,2025-08-06 14:45:00-04:00,513,4.005000114440918,4.005000114440918,4.0,4.005000114440918,0.0,0.0
1433,2025-08-06 14:46:00-04:00,553,4.005000114440918,4.005000114440918,4.005000114440918,4.005000114440918,0.0,0.0
1434,2025-08-06 14:47:00-04:00,5847,4.010000228881836,4.019999980926514,4.010000228881836,4.019999980926514,0.0,0.0
1435,2025-08-06 14:48:00-04:00,225,4.014999866485596,4.014999866485596,4.014999866485596,4.014999866485596,0.0,0.0
1436,2025-08-06 14:49:00-04:00,800,4.016499996185303,4.016499996185303,4.016499996185303,4.016499996185303,0.0,0.0
1437,2025-08-06 14:51:00-04:00,202,4.014999866485596,4.014999866485596,4.014999866485596,4.014999866485596,0.0,0.0
1438,2025-08-06 14:52:00-04:00,1345,4.014999866485596,4.014999866485596,4.010000228881836,4.014999866485596,0.0,0.0
1439,2025-08-06 14:53:00-04:00,705,4.014999866485596,4.014999866485596,4.014999866485596,4.014999866485596,0.0,0.0
1440,2025-08-06 14:54:00-04:00,331,4.014999866485596,4.014999866485596,4.014999866485596,4.014999866485596,0.0,0.0
1441,2025-08-06 14:55:00-04:00,353,4.014999866485596,4.014999866485596,4.014999866485596,4.014999866485596,0.0,0.0
1442,2025-08-06 14:56:00-04:00,202,4.014999866485596,4.014999866485596,4.014999866485596,4.014999866485596,0.0,0.0
1443,2025-08-06 14:57:00-04:00,409,4.014999866485596,4.014999866485596,4.014999866485596,4.014999866485596,0.0,0.0
1444,2025-08-06 14:58:00-04:00,1139,4.019999980926514,4.019999980926514,4.014999866485596,4.014999866485596,0.0,0.0
1445,2025-08-06 14:59:00-04:00,1039,4.014999866485596,4.014999866485596,4.010000228881836,4.014999866485596,0.0,0.0
1446,2025-08-06 15:00:00-04:00,838,4.010000228881836,4.014999866485596,4.010000228881836,4.014999866485596,0.0,0.0
1447,2025-08-06 15:01:00-04:00,462,4.014999866485596,4.014999866485596,4.010000228881836,4.014999866485596,0.0,0.0
1448,2025-08-06 15:02:00-04:00,926,4.014999866485596,4.014999866485596,4.014999866485596,4.014999866485596,0.0,0.0
1449,2025-08-06 15:03:00-04:00,915,4.014999866485596,4.014999866485596,4.014999866485596,4.014999866485596,0.0,0.0
1450,2025-08-06 15:04:00-04:00,834,4.014999866485596,4.015500068664551,4.014999866485596,4.015500068664551,0.0,0.0
1451,2025-08-06 15:06:00-04:00,412,4.014999866485596,4.014999866485596,4.014999866485596,4.014999866485596,0.0,0.0
1452,2025-08-06 15:07:00-04:00,211,4.014999866485596,4.014999866485596,4.014999866485596,4.014999866485596,0.0,0.0
1453,2025-08-06 15:08:00-04:00,750,4.014999866485596,4.014999866485596,4.010000228881836,4.010000228881836,0.0,0.0
1454,2025-08-06 15:09:00-04:00,231,4.014999866485596,4.014999866485596,4.014999866485596,4.014999866485596,0.0,0.0
1455,2025-08-06 15:10:00-04:00,609,4.014999866485596,4.014999866485596,4.014999866485596,4.014999866485596,0.0,0.0
1456,2025-08-06 15:11:00-04:00,1322,4.014999866485596,4.019999980926514,4.014999866485596,4.014999866485596,0.0,0.0
1457,2025-08-06 15:12:00-04:00,7871,4.019999980926514,4.019999980926514,4.014999866485596,4.014999866485596,0.0,0.0
1458,2025-08-06 15:13:00-04:00,501,4.014999866485596,4.014999866485596,4.014999866485596,4.014999866485596,0.0,0.0
1459,2025-08-06 15:14:00-04:00,614,4.010000228881836,4.014999866485596,4.010000228881836,4.014999866485596,0.0,0.0
1460,2025-08-06 15:15:00-04:00,345,4.014999866485596,4.014999866485596,4.014999866485596,4.014999866485596,0.0,0.0
1461,2025-08-06 15:16:00-04:00,1120,4.010000228881836,4.014999866485596,4.010000228881836,4.014999866485596,0.0,0.0
1462,2025-08-06 15:17:00-04:00,1290,4.010000228881836,4.014999866485596,4.010000228881836,4.014999866485596,0.0,0.0
1463,2025-08-06 15:18:00-04:00,522,4.014999866485596,4.014999866485596,4.014999866485596,4.014999866485596,0.0,0.0
1464,2025-08-06 15:19:00-04:00,1117,4.014999866485596,4.014999866485596,4.010000228881836,4.014999866485596,0.0,0.0
1465,2025-08-06 15:20:00-04:00,2172,4.014999866485596,4.014999866485596,4.014999866485596,4.014999866485596,0.0,0.0
1466,2025-08-06 15:21:00-04:00,406,4.014999866485596,4.014999866485596,4.014999866485596,4.014999866485596,0.0,0.0
1467,2025-08-06 15:22:00-04:00,418,4.014999866485596,4.014999866485596,4.014999866485596,4.014999866485596,0.0,0.0
1468,2025-08-06 15:23:00-04:00,486,4.014999866485596,4.014999866485596,4.014999866485596,4.014999866485596,0.0,0.0
1469,2025-08-06 15:24:00-04:00,749,4.010000228881836,4.014999866485596,4.010000228881836,4.014999866485596,0.0,0.0
1470,2025-08-06 15:25:00-04:00,312,4.014999866485596,4.014999866485596,4.014999866485596,4.014999866485596,0.0,0.0
1471,2025-08-06 15:26:00-04:00,364,4.014999866485596,4.014999866485596,4.014999866485596,4.014999866485596,0.0,0.0
1472,2025-08-06 15:27:00-04:00,901,4.014999866485596,4.017000198364258,4.014999866485596,4.017000198364258,0.0,0.0
1473,2025-08-06 15:28:00-04:00,420,4.014999866485596,4.014999866485596,4.014999866485596,4.014999866485596,0.0,0.0
1474,2025-08-06 15:29:00-04:00,950,4.014999866485596,4.014999866485596,4.010000228881836,4.014999866485596,0.0,0.0
1475,2025-08-06 15:30:00-04:00,1152,4.014999866485596,4.014999866485596,4.010000228881836,4.014999866485596,0.0,0.0
1476,2025-08-06 15:31:00-04:00,636,4.014999866485596,4.014999866485596,4.014999866485596,4.014999866485596,0.0,0.0
1477,2025-08-06 15:32:00-04:00,448,4.014999866485596,4.014999866485596,4.014999866485596,4.014999866485596,0.0,0.0
1478,2025-08-06 15:33:00-04:00,674,4.014999866485596,4.014999866485596,4.014999866485596,4.014999866485596,0.0,0.0
1479,2025-08-06 15:34:00-04:00,8610,4.014999866485596,4.025000095367432,4.014999866485596,4.019999980926514,0.0,0.0
1480,2025-08-06 15:35:00-04:00,4183,4.025000095367432,4.03000020980835,4.025000095367432,4.03000020980835,0.0,0.0
1481,2025-08-06 15:36:00-04:00,1324,4.025000095367432,4.025000095367432,4.019999980926514,4.025000095367432,0.0,0.0
1482,2025-08-06 15:37:00-04:00,808,4.025000095367432,4.025000095367432,4.025000095367432,4.025000095367432,0.0,0.0
1483,2025-08-06 15:38:00-04:00,1173,4.025000095367432,4.025000095367432,4.025000095367432,4.025000095367432,0.0,0.0
1484,2025-08-06 15:40:00-04:00,17396,4.025000095367432,4.025000095367432,4.010000228881836,4.014999866485596,0.0,0.0
1485,2025-08-06 15:41:00-04:00,4757,4.014999866485596,4.014999866485596,4.010000228881836,4.010000228881836,0.0,0.0
1486,2025-08-06 15:42:00-04:00,739,4.010000228881836,4.010000228881836,4.010000228881836,4.010000228881836,0.0,0.0
1487,2025-08-06 15:43:00-04:00,966,4.010000228881836,4.014999866485596,4.010000228881836,4.014999866485596,0.0,0.0
1488,2025-08-06 15:45:00-04:00,2220,4.014999866485596,4.014999866485596,4.010000228881836,4.014999866485596,0.0,0.0
1489,2025-08-06 15:46:00-04:00,1719,4.014999866485596,4.014999866485596,4.014999866485596,4.014999866485596,0.0,0.0
1490,2025-08-06 15:47:00-04:00,200,4.014999866485596,4.014999866485596,4.014999866485596,4.014999866485596,0.0,0.0
1491,2025-08-06 15:48:00-04:00,1555,4.014999866485596,4.014999866485596,4.014999866485596,4.014999866485596,0.0,0.0
1492,2025-08-06 15:49:00-04:00,8003,4.014999866485596,4.019999980926514,4.010000228881836,4.019999980926514,0.0,0.0
1493,2025-08-06 15:50:00-04:00,1035,4.014999866485596,4.014999866485596,4.014999866485596,4.014999866485596,0.0,0.0
1494,2025-08-06 15:51:00-04:00,3146,4.014999866485596,4.019000053405762,4.014999866485596,4.014999866485596,0.0,0.0
1495,2025-08-06 15:52:00-04:00,5528,4.014999866485596,4.019999980926514,4.014999866485596,4.019999980926514,0.0,0.0
1496,2025-08-06 15:53:00-04:00,2828,4.025000095367432,4.034999847412109,4.025000095367432,4.034999847412109,0.0,0.0
1497,2025-08-06 15:54:00-04:00,7832,4.034999847412109,4.034999847412109,4.03000020980835,4.034999847412109,0.0,0.0
1498,2025-08-06 15:55:00-04:00,4854,4.034999847412109,4.034999847412109,4.025000095367432,4.025000095367432,0.0,0.0
1499,2025-08-06 15:56:00-04:00,1985,4.025000095367432,4.025000095367432,4.019999980926514,4.019999980926514,0.0,0.0
1500,2025-08-06 15:57:00-04:00,2540,4.025000095367432,4.025000095367432,4.025000095367432,4.025000095367432,0.0,0.0
1501,2025-08-06 15:58:00-04:00,2618,4.025000095367432,4.03000020980835,4.025000095367432,4.025000095367432,0.0,0.0
1502,2025-08-06 15:59:00-04:00,14453,4.025000095367432,4.025000095367432,4.010000228881836,4.010000228881836,0.0,0.0
1503,2025-08-07 09:30:00-04:00,16689,4.03000020980835,4.03000020980835,4.0,4.0,0.0,0.0
1504,2025-08-07 09:32:00-04:00,8829,4.021399974822998,4.02810001373291,4.014999866485596,4.02810001373291,0.0,0.0
1505,2025-08-07 09:33:00-04:00,129,4.014999866485596,4.014999866485596,4.014999866485596,4.014999866485596,0.0,0.0
1506,2025-08-07 09:34:00-04:00,1421,4.014999866485596,4.050000190734863,4.014999866485596,4.050000190734863,0.0,0.0
1507,2025-08-07 09:35:00-04:00,968,4.007500171661377,4.070000171661377,4.007500171661377,4.070000171661377,0.0,0.0
1508,2025-08-07 09:36:00-04:00,2451,4.076399803161621,4.076900005340576,4.059999942779541,4.076900005340576,0.0,0.0
1509,2025-08-07 09:37:00-04:00,3896,4.078999996185303,4.090000152587891,4.059999942779541,4.059999942779541,0.0,0.0
1510,2025-08-07 09:38:00-04:00,300,4.089900016784668,4.089900016784668,4.089900016784668,4.089900016784668,0.0,0.0
1511,2025-08-07 09:40:00-04:00,263,4.074999809265137,4.074999809265137,4.074999809265137,4.074999809265137,0.0,0.0
1512,2025-08-07 09:44:00-04:00,31307,4.070000171661377,4.070000171661377,4.050000190734863,4.070000171661377,0.0,0.0
1513,2025-08-07 09:45:00-04:00,4197,4.076300144195557,4.099999904632568,4.034999847412109,4.079999923706055,0.0,0.0
1514,2025-08-07 09:46:00-04:00,871,4.099999904632568,4.110000133514404,4.090000152587891,4.090000152587891,0.0,0.0
1515,2025-08-07 09:47:00-04:00,654,4.099999904632568,4.099999904632568,4.099999904632568,4.099999904632568,0.0,0.0
1516,2025-08-07 09:48:00-04:00,1716,4.099999904632568,4.10099983215332,4.099999904632568,4.10099983215332,0.0,0.0
1517,2025-08-07 09:49:00-04:00,1273,4.090000152587891,4.090000152587891,4.090000152587891,4.090000152587891,0.0,0.0
1518,2025-08-07 09:50:00-04:00,579,4.090000152587891,4.090000152587891,4.090000152587891,4.090000152587891,0.0,0.0
1519,2025-08-07 09:54:00-04:00,1511,4.085000038146973,4.085000038146973,4.070000171661377,4.070000171661377,0.0,0.0
1520,2025-08-07 09:55:00-04:00,2080,4.074999809265137,4.074999809265137,4.067599773406982,4.067599773406982,0.0,0.0
1521,2025-08-07 09:56:00-04:00,394,4.070000171661377,4.070000171661377,4.070000171661377,4.070000171661377,0.0,0.0
1522,2025-08-07 09:57:00-04:00,520,4.079999923706055,4.079999923706055,4.079999923706055,4.079999923706055,0.0,0.0
1523,2025-08-07 09:58:00-04:00,244,4.079999923706055,4.079999923706055,4.079999923706055,4.079999923706055,0.0,0.0
1524,2025-08-07 10:00:00-04:00,3169,4.070000171661377,4.070000171661377,4.050000190734863,4.050000190734863,0.0,0.0
1525,2025-08-07 10:01:00-04:00,1316,4.06850004196167,4.06850004196167,4.06850004196167,4.06850004196167,0.0,0.0
1526,2025-08-07 10:03:00-04:00,119,4.065000057220459,4.065000057220459,4.065000057220459,4.065000057220459,0.0,0.0
1527,2025-08-07 10:04:00-04:00,3529,4.059999942779541,4.059999942779541,4.059999942779541,4.059999942779541,0.0,0.0
1528,2025-08-07 10:05:00-04:00,2447,4.059999942779541,4.069900035858154,4.059999942779541,4.065000057220459,0.0,0.0
1529,2025-08-07 10:06:00-04:00,2839,4.065499782562256,4.065499782562256,4.059999942779541,4.059999942779541,0.0,0.0
1530,2025-08-07 10:07:00-04:00,1050,4.054999828338623,4.054999828338623,4.050899982452393,4.050899982452393,0.0,0.0
1531,2025-08-07 10:08:00-04:00,2278,4.050000190734863,4.050000190734863,4.03000020980835,4.03000020980835,0.0,0.0
1532,2025-08-07 10:09:00-04:00,646,4.03000020980835,4.03000020980835,4.025000095367432,4.025000095367432,0.0,0.0
1533,2025-08-07 10:10:00-04:00,724,4.019999980926514,4.025000095367432,4.019999980926514,4.025000095367432,0.0,0.0
1534,2025-08-07 10:11:00-04:00,100,4.03000020980835,4.03000020980835,4.03000020980835,4.03000020980835,0.0,0.0
1535,2025-08-07 10:12:00-04:00,2498,4.03000020980835,4.039999961853027,4.03000020980835,4.039999961853027,0.0,0.0
1536,2025-08-07 10:14:00-04:00,3499,4.054999828338623,4.054999828338623,4.054999828338623,4.054999828338623,0.0,0.0
1537,2025-08-07 10:15:00-04:00,811,4.05810022354126,4.05810022354126,4.050000190734863,4.050000190734863,0.0,0.0
1538,2025-08-07 10:16:00-04:00,4027,4.045000076293945,4.045000076293945,4.039999961853027,4.039999961853027,0.0,0.0
1539,2025-08-07 10:17:00-04:00,23651,4.045000076293945,4.050000190734863,4.03000020980835,4.039000034332275,0.0,0.0
1540,2025-08-07 10:18:00-04:00,2977,4.034999847412109,4.0391998291015625,4.034999847412109,4.034999847412109,0.0,0.0
1541,2025-08-07 10:19:00-04:00,962,4.034999847412109,4.045000076293945,4.034999847412109,4.045000076293945,0.0,0.0
1542,2025-08-07 10:20:00-04:00,3819,4.041999816894531,4.045000076293945,4.041999816894531,4.045000076293945,0.0,0.0
1543,2025-08-07 10:21:00-04:00,142,4.045000076293945,4.045000076293945,4.045000076293945,4.045000076293945,0.0,0.0
1544,2025-08-07 10:22:00-04:00,721,4.045000076293945,4.045000076293945,4.045000076293945,4.045000076293945,0.0,0.0
1545,2025-08-07 10:23:00-04:00,2122,4.039999961853027,4.039999961853027,4.03000020980835,4.034999847412109,0.0,0.0
1546,2025-08-07 10:24:00-04:00,315,4.034999847412109,4.034999847412109,4.034999847412109,4.034999847412109,0.0,0.0
1547,2025-08-07 10:25:00-04:00,293,4.034999847412109,4.034999847412109,4.03000020980835,4.03000020980835,0.0,0.0
1548,2025-08-07 10:26:00-04:00,1333,4.034999847412109,4.039999961853027,4.034999847412109,4.039999961853027,0.0,0.0
1549,2025-08-07 10:27:00-04:00,1891,4.048699855804443,4.054999828338623,4.048699855804443,4.054999828338623,0.0,0.0
1550,2025-08-07 10:28:00-04:00,1795,4.059999942779541,4.059999942779541,4.054999828338623,4.059999942779541,0.0,0.0
1551,2025-08-07 10:30:00-04:00,393,4.059999942779541,4.059999942779541,4.059999942779541,4.059999942779541,0.0,0.0
1552,2025-08-07 10:31:00-04:00,100,4.059999942779541,4.059999942779541,4.059999942779541,4.059999942779541,0.0,0.0
1553,2025-08-07 10:32:00-04:00,1101,4.05649995803833,4.05649995803833,4.054999828338623,4.054999828338623,0.0,0.0
1554,2025-08-07 10:33:00-04:00,3713,4.059899806976318,4.059999942779541,4.050000190734863,4.059999942779541,0.0,0.0
1555,2025-08-07 10:34:00-04:00,3432,4.059999942779541,4.065000057220459,4.054999828338623,4.054999828338623,0.0,0.0
1556,2025-08-07 10:35:00-04:00,417,4.054999828338623,4.054999828338623,4.054999828338623,4.054999828338623,0.0,0.0
1557,2025-08-07 10:38:00-04:00,3247,4.0690999031066895,4.0690999031066895,4.060800075531006,4.060800075531006,0.0,0.0
1558,2025-08-07 10:39:00-04:00,10795,4.059999942779541,4.065000057220459,4.059999942779541,4.059999942779541,0.0,0.0
1559,2025-08-07 10:40:00-04:00,1400,4.059100151062012,4.059100151062012,4.050000190734863,4.054999828338623,0.0,0.0
1560,2025-08-07 10:42:00-04:00,417,4.050000190734863,4.054999828338623,4.050000190734863,4.054999828338623,0.0,0.0
1561,2025-08-07 10:43:00-04:00,727,4.054999828338623,4.054999828338623,4.050000190734863,4.050000190734863,0.0,0.0
1562,2025-08-07 10:45:00-04:00,339,4.054999828338623,4.054999828338623,4.054999828338623,4.054999828338623,0.0,0.0
1563,2025-08-07 10:47:00-04:00,1197,4.052800178527832,4.0553998947143555,4.052800178527832,4.0553998947143555,0.0,0.0
1564,2025-08-07 10:48:00-04:00,1199,4.054999828338623,4.054999828338623,4.050000190734863,4.050000190734863,0.0,0.0
1565,2025-08-07 10:51:00-04:00,1474,4.054999828338623,4.054999828338623,4.050000190734863,4.050000190734863,0.0,0.0
1566,2025-08-07 10:52:00-04:00,510,4.054999828338623,4.054999828338623,4.054999828338623,4.054999828338623,0.0,0.0
1567,2025-08-07 10:53:00-04:00,257,4.059999942779541,4.059999942779541,4.054999828338623,4.054999828338623,0.0,0.0
1568,2025-08-07 10:54:00-04:00,17758,4.025000095367432,4.025000095367432,4.025000095367432,4.025000095367432,0.0,0.0
1569,2025-08-07 10:56:00-04:00,3214,4.025000095367432,4.025000095367432,4.014999866485596,4.025000095367432,0.0,0.0
1570,2025-08-07 11:01:00-04:00,2792,4.029099941253662,4.029099941253662,4.014999866485596,4.014999866485596,0.0,0.0
1571,2025-08-07 11:02:00-04:00,288,4.010000228881836,4.010000228881836,4.010000228881836,4.010000228881836,0.0,0.0
1572,2025-08-07 11:03:00-04:00,1301,4.010000228881836,4.010000228881836,4.0,4.0,0.0,0.0
1573,2025-08-07 11:05:00-04:00,487,4.0046000480651855,4.005000114440918,4.0046000480651855,4.005000114440918,0.0,0.0
1574,2025-08-07 11:06:00-04:00,2051,4.005000114440918,4.010000228881836,4.005000114440918,4.010000228881836,0.0,0.0
1575,2025-08-07 11:07:00-04:00,422,4.010000228881836,4.010000228881836,4.010000228881836,4.010000228881836,0.0,0.0
1576,2025-08-07 11:10:00-04:00,255,4.005000114440918,4.005000114440918,4.005000114440918,4.005000114440918,0.0,0.0
1577,2025-08-07 11:11:00-04:00,605,4.005000114440918,4.005000114440918,4.005000114440918,4.005000114440918,0.0,0.0
1578,2025-08-07 11:12:00-04:00,5672,4.0,4.0,3.9800000190734863,3.9800000190734863,0.0,0.0
1579,2025-08-07 11:13:00-04:00,861,3.9800000190734863,3.9800000190734863,3.9749999046325684,3.9749999046325684,0.0,0.0
1580,2025-08-07 11:14:00-04:00,3949,3.9749999046325684,3.9800000190734863,3.9749999046325684,3.9800000190734863,0.0,0.0
1581,2025-08-07 11:15:00-04:00,102,3.9749999046325684,3.9749999046325684,3.9749999046325684,3.9749999046325684,0.0,0.0
1582,2025-08-07 11:16:00-04:00,751,3.9707999229431152,3.9749999046325684,3.9707999229431152,3.9749999046325684,0.0,0.0
1583,2025-08-07 11:18:00-04:00,280,3.9749999046325684,3.9749999046325684,3.9749999046325684,3.9749999046325684,0.0,0.0
1584,2025-08-07 11:19:00-04:00,277,3.9749999046325684,3.9749999046325684,3.9749999046325684,3.9749999046325684,0.0,0.0
1585,2025-08-07 11:21:00-04:00,100,3.9749999046325684,3.9749999046325684,3.9749999046325684,3.9749999046325684,0.0,0.0
1586,2025-08-07 11:22:00-04:00,408,3.9749999046325684,3.9749999046325684,3.9749999046325684,3.9749999046325684,0.0,0.0
1587,2025-08-07 11:23:00-04:00,2862,3.9800000190734863,3.9800000190734863,3.9707000255584717,3.9749999046325684,0.0,0.0
1588,2025-08-07 11:24:00-04:00,3144,3.9700000286102295,3.9700000286102295,3.9600000381469727,3.9600000381469727,0.0,0.0
1589,2025-08-07 11:26:00-04:00,11802,3.9549999237060547,3.9700000286102295,3.9549999237060547,3.9649999141693115,0.0,0.0
1590,2025-08-07 11:27:00-04:00,10673,3.9649999141693115,3.9700000286102295,3.9649999141693115,3.9649999141693115,0.0,0.0
1591,2025-08-07 11:29:00-04:00,1000,3.9644999504089355,3.9644999504089355,3.9644999504089355,3.9644999504089355,0.0,0.0
1592,2025-08-07 11:30:00-04:00,13509,3.9700000286102295,3.984999895095825,3.9700000286102295,3.984999895095825,0.0,0.0
1593,2025-08-07 11:31:00-04:00,548,3.984999895095825,3.984999895095825,3.984999895095825,3.984999895095825,0.0,0.0
1594,2025-08-07 11:32:00-04:00,18940,3.990000009536743,4.010000228881836,3.990000009536743,4.005300045013428,0.0,0.0
1595,2025-08-07 11:33:00-04:00,12336,4.005000114440918,4.019999980926514,4.005000114440918,4.005000114440918,0.0,0.0
1596,2025-08-07 11:34:00-04:00,945,4.014999866485596,4.014999866485596,4.010000228881836,4.010000228881836,0.0,0.0
1597,2025-08-07 11:35:00-04:00,200,4.006999969482422,4.006999969482422,4.006999969482422,4.006999969482422,0.0,0.0
1598,2025-08-07 11:36:00-04:00,3814,4.010000228881836,4.027599811553955,4.010000228881836,4.027599811553955,0.0,0.0
1599,2025-08-07 11:37:00-04:00,4171,4.025000095367432,4.025000095367432,4.014999866485596,4.019999980926514,0.0,0.0
1600,2025-08-07 11:39:00-04:00,1688,4.025000095367432,4.03000020980835,4.025000095367432,4.03000020980835,0.0,0.0
1601,2025-08-07 11:41:00-04:00,1173,4.025000095367432,4.025000095367432,4.025000095367432,4.025000095367432,0.0,0.0
1602,2025-08-07 11:43:00-04:00,5758,4.025000095367432,4.025000095367432,4.014999866485596,4.019999980926514,0.0,0.0
1603,2025-08-07 11:45:00-04:00,300,4.029699802398682,4.029699802398682,4.029699802398682,4.029699802398682,0.0,0.0
1604,2025-08-07 11:46:00-04:00,600,4.025000095367432,4.025000095367432,4.023499965667725,4.023499965667725,0.0,0.0
1605,2025-08-07 11:48:00-04:00,100,4.019999980926514,4.019999980926514,4.019999980926514,4.019999980926514,0.0,0.0
1606,2025-08-07 11:49:00-04:00,300,4.019999980926514,4.019999980926514,4.019999980926514,4.019999980926514,0.0,0.0
1607,2025-08-07 11:50:00-04:00,448,4.025000095367432,4.025000095367432,4.024499893188477,4.024499893188477,0.0,0.0
1608,2025-08-07 11:51:00-04:00,600,4.019999980926514,4.029099941253662,4.019999980926514,4.029099941253662,0.0,0.0
1609,2025-08-07 11:52:00-04:00,286,4.019999980926514,4.025000095367432,4.019999980926514,4.025000095367432,0.0,0.0
1610,2025-08-07 11:53:00-04:00,1128,4.019999980926514,4.019999980926514,4.019999980926514,4.019999980926514,0.0,0.0
1611,2025-08-07 11:54:00-04:00,205,4.019999980926514,4.019999980926514,4.019999980926514,4.019999980926514,0.0,0.0
1612,2025-08-07 11:55:00-04:00,2309,4.025300025939941,4.025300025939941,4.025000095367432,4.025000095367432,0.0,0.0
1613,2025-08-07 11:56:00-04:00,200,4.025000095367432,4.025100231170654,4.025000095367432,4.025100231170654,0.0,0.0
1614,2025-08-07 11:57:00-04:00,451,4.025000095367432,4.025000095367432,4.025000095367432,4.025000095367432,0.0,0.0
1615,2025-08-07 11:58:00-04:00,134,4.019999980926514,4.019999980926514,4.019999980926514,4.019999980926514,0.0,0.0
1616,2025-08-07 11:59:00-04:00,3305,4.027200222015381,4.027200222015381,4.025000095367432,4.025000095367432,0.0,0.0
1617,2025-08-07 12:00:00-04:00,280,4.025000095367432,4.025000095367432,4.025000095367432,4.025000095367432,0.0,0.0
1618,2025-08-07 12:02:00-04:00,201,4.025000095367432,4.025000095367432,4.025000095367432,4.025000095367432,0.0,0.0
1619,2025-08-07 12:03:00-04:00,100,4.025000095367432,4.025000095367432,4.025000095367432,4.025000095367432,0.0,0.0
1620,2025-08-07 12:04:00-04:00,151,4.025000095367432,4.025000095367432,4.025000095367432,4.025000095367432,0.0,0.0
1621,2025-08-07 12:05:00-04:00,2097,4.03000020980835,4.03000020980835,4.03000020980835,4.03000020980835,0.0,0.0
1622,2025-08-07 12:08:00-04:00,1610,4.034999847412109,4.039999961853027,4.034999847412109,4.039999961853027,0.0,0.0
1623,2025-08-07 12:10:00-04:00,453,4.03000020980835,4.034999847412109,4.03000020980835,4.034999847412109,0.0,0.0
1624,2025-08-07 12:13:00-04:00,303,4.039100170135498,4.039100170135498,4.039100170135498,4.039100170135498,0.0,0.0
1625,2025-08-07 12:16:00-04:00,1300,4.034999847412109,4.035399913787842,4.034999847412109,4.034999847412109,0.0,0.0
1626,2025-08-07 12:17:00-04:00,300,4.034999847412109,4.034999847412109,4.034999847412109,4.034999847412109,0.0,0.0
1627,2025-08-07 12:18:00-04:00,216,4.03000020980835,4.03000020980835,4.03000020980835,4.03000020980835,0.0,0.0
1628,2025-08-07 12:19:00-04:00,302,4.034999847412109,4.034999847412109,4.034999847412109,4.034999847412109,0.0,0.0
1629,2025-08-07 12:21:00-04:00,5148,4.034999847412109,4.039999961853027,4.03000020980835,4.039999961853027,0.0,0.0
1630,2025-08-07 12:23:00-04:00,196,4.045000076293945,4.045000076293945,4.045000076293945,4.045000076293945,0.0,0.0
1631,2025-08-07 12:24:00-04:00,2060,4.049200057983398,4.049200057983398,4.049200057983398,4.049200057983398,0.0,0.0
1632,2025-08-07 12:27:00-04:00,3238,4.0472002029418945,4.0472002029418945,4.045000076293945,4.045000076293945,0.0,0.0
1633,2025-08-07 12:30:00-04:00,151,4.045000076293945,4.045000076293945,4.045000076293945,4.045000076293945,0.0,0.0
1634,2025-08-07 12:31:00-04:00,766,4.044600009918213,4.0472002029418945,4.044600009918213,4.045000076293945,0.0,0.0
1635,2025-08-07 12:34:00-04:00,653,4.045000076293945,4.048099994659424,4.045000076293945,4.048099994659424,0.0,0.0
1636,2025-08-07 12:35:00-04:00,200,4.045000076293945,4.048999786376953,4.045000076293945,4.048999786376953,0.0,0.0
1637,2025-08-07 12:37:00-04:00,100,4.045000076293945,4.045000076293945,4.045000076293945,4.045000076293945,0.0,0.0
1638,2025-08-07 12:38:00-04:00,0,4.054999828338623,4.054999828338623,4.054999828338623,4.054999828338623,0.0,0.0
1639,2025-08-07 12:41:00-04:00,351279,4.054999828338623,4.054999828338623,4.045000076293945,4.045000076293945,0.0,0.0
1640,2025-08-07 12:42:00-04:00,143,4.045000076293945,4.045000076293945,4.045000076293945,4.045000076293945,0.0,0.0
1641,2025-08-07 12:45:00-04:00,834,4.039999961853027,4.039999961853027,4.039999961853027,4.039999961853027,0.0,0.0
1642,2025-08-07 12:47:00-04:00,788,4.03000020980835,4.03000020980835,4.03000020980835,4.03000020980835,0.0,0.0
1643,2025-08-07 12:48:00-04:00,302,4.019999980926514,4.019999980926514,4.019999980926514,4.019999980926514,0.0,0.0
1644,2025-08-07 12:49:00-04:00,1029,4.025000095367432,4.025000095367432,4.025000095367432,4.025000095367432,0.0,0.0
1645,2025-08-07 12:50:00-04:00,200,4.03000020980835,4.03000020980835,4.03000020980835,4.03000020980835,0.0,0.0
1646,2025-08-07 12:51:00-04:00,3427,4.03000020980835,4.039999961853027,4.03000020980835,4.039999961853027,0.0,0.0
1647,2025-08-07 12:52:00-04:00,2002,4.034599781036377,4.034599781036377,4.034599781036377,4.034599781036377,0.0,0.0
1648,2025-08-07 12:54:00-04:00,5314,4.034999847412109,4.034999847412109,4.034999847412109,4.034999847412109,0.0,0.0
1649,2025-08-07 12:57:00-04:00,203,4.034999847412109,4.034999847412109,4.034999847412109,4.034999847412109,0.0,0.0
1650,2025-08-07 12:59:00-04:00,837,4.03000020980835,4.034999847412109,4.03000020980835,4.0345001220703125,0.0,0.0
1651,2025-08-07 13:00:00-04:00,643,4.030700206756592,4.030700206756592,4.030700206756592,4.030700206756592,0.0,0.0
1652,2025-08-07 13:02:00-04:00,260,4.03000020980835,4.03000020980835,4.03000020980835,4.03000020980835,0.0,0.0
1653,2025-08-07 13:03:00-04:00,205,4.025000095367432,4.025000095367432,4.025000095367432,4.025000095367432,0.0,0.0
1654,2025-08-07 13:06:00-04:00,351,4.021900177001953,4.021900177001953,4.021900177001953,4.021900177001953,0.0,0.0
1655,2025-08-07 13:07:00-04:00,100,4.025000095367432,4.025000095367432,4.025000095367432,4.025000095367432,0.0,0.0
1656,2025-08-07 13:08:00-04:00,673,4.024600028991699,4.024600028991699,4.024600028991699,4.024600028991699,0.0,0.0
1657,2025-08-07 13:10:00-04:00,926,4.03000020980835,4.03000020980835,4.03000020980835,4.03000020980835,0.0,0.0
1658,2025-08-07 13:12:00-04:00,2110,4.025000095367432,4.025000095367432,4.025000095367432,4.025000095367432,0.0,0.0
1659,2025-08-07 13:18:00-04:00,952,4.029699802398682,4.029699802398682,4.019999980926514,4.019999980926514,0.0,0.0
1660,2025-08-07 13:19:00-04:00,3416,4.019999980926514,4.019999980926514,4.019999980926514,4.019999980926514,0.0,0.0
1661,2025-08-07 13:23:00-04:00,153,4.0289998054504395,4.0289998054504395,4.0289998054504395,4.0289998054504395,0.0,0.0
1662,2025-08-07 13:24:00-04:00,2892,4.025000095367432,4.025000095367432,4.025000095367432,4.025000095367432,0.0,0.0
1663,2025-08-07 13:25:00-04:00,328,4.025000095367432,4.025000095367432,4.025000095367432,4.025000095367432,0.0,0.0
1664,2025-08-07 13:28:00-04:00,120,4.025000095367432,4.025000095367432,4.025000095367432,4.025000095367432,0.0,0.0
1665,2025-08-07 13:29:00-04:00,533,4.019999980926514,4.019999980926514,4.019999980926514,4.019999980926514,0.0,0.0
1666,2025-08-07 13:30:00-04:00,125,4.014999866485596,4.014999866485596,4.014999866485596,4.014999866485596,0.0,0.0
1667,2025-08-07 13:36:00-04:00,1707,4.019899845123291,4.019999980926514,4.014999866485596,4.014999866485596,0.0,0.0
1668,2025-08-07 13:40:00-04:00,2338,4.014999866485596,4.014999866485596,4.010000228881836,4.011899948120117,0.0,0.0
1669,2025-08-07 13:43:00-04:00,133,4.014999866485596,4.014999866485596,4.014999866485596,4.014999866485596,0.0,0.0
1670,2025-08-07 13:44:00-04:00,181,4.014999866485596,4.014999866485596,4.014999866485596,4.014999866485596,0.0,0.0
1671,2025-08-07 13:48:00-04:00,4524,4.019999980926514,4.025000095367432,4.019999980926514,4.019999980926514,0.0,0.0
1672,2025-08-07 13:53:00-04:00,272,4.03000020980835,4.03000020980835,4.03000020980835,4.03000020980835,0.0,0.0
1673,2025-08-07 13:56:00-04:00,140,4.025000095367432,4.025000095367432,4.025000095367432,4.025000095367432,0.0,0.0
1674,2025-08-07 13:58:00-04:00,120,4.019999980926514,4.019999980926514,4.019999980926514,4.019999980926514,0.0,0.0
1675,2025-08-07 13:59:00-04:00,275,4.021200180053711,4.025000095367432,4.021200180053711,4.025000095367432,0.0,0.0
1676,2025-08-07 14:02:00-04:00,1661,4.025000095367432,4.034999847412109,4.025000095367432,4.034999847412109,0.0,0.0
1677,2025-08-07 14:04:00-04:00,414,4.034999847412109,4.034999847412109,4.034999847412109,4.034999847412109,0.0,0.0
1678,2025-08-07 14:05:00-04:00,1500,4.0391998291015625,4.0391998291015625,4.0391998291015625,4.0391998291015625,0.0,0.0
1679,2025-08-07 14:06:00-04:00,192,4.034999847412109,4.034999847412109,4.034999847412109,4.034999847412109,0.0,0.0
1680,2025-08-07 14:07:00-04:00,175,4.034999847412109,4.034999847412109,4.034999847412109,4.034999847412109,0.0,0.0
1681,2025-08-07 14:10:00-04:00,1445,4.03000020980835,4.03000020980835,4.025000095367432,4.025000095367432,0.0,0.0
1682,2025-08-07 14:12:00-04:00,224,4.024899959564209,4.024899959564209,4.024899959564209,4.024899959564209,0.0,0.0
1683,2025-08-07 14:13:00-04:00,1118,4.03000020980835,4.03000020980835,4.03000020980835,4.03000020980835,0.0,0.0
1684,2025-08-07 14:16:00-04:00,315,4.027200222015381,4.027200222015381,4.027200222015381,4.027200222015381,0.0,0.0
1685,2025-08-07 14:17:00-04:00,168,4.025000095367432,4.025000095367432,4.025000095367432,4.025000095367432,0.0,0.0
1686,2025-08-07 14:18:00-04:00,298,4.019999980926514,4.019999980926514,4.014999866485596,4.014999866485596,0.0,0.0
1687,2025-08-07 14:19:00-04:00,288,4.010000228881836,4.014999866485596,4.010000228881836,4.014999866485596,0.0,0.0
1688,2025-08-07 14:22:00-04:00,271,4.014999866485596,4.014999866485596,4.010000228881836,4.010000228881836,0.0,0.0
1689,2025-08-07 14:26:00-04:00,229,4.014999866485596,4.014999866485596,4.014999866485596,4.014999866485596,0.0,0.0
1690,2025-08-07 14:29:00-04:00,878,4.019999980926514,4.019999980926514,4.019999980926514,4.019999980926514,0.0,0.0
1691,2025-08-07 14:30:00-04:00,835,4.013199806213379,4.013199806213379,4.010000228881836,4.010000228881836,0.0,0.0
1692,2025-08-07 14:31:00-04:00,294,4.014999866485596,4.014999866485596,4.014999866485596,4.014999866485596,0.0,0.0
1693,2025-08-07 14:34:00-04:00,102,4.014999866485596,4.014999866485596,4.014999866485596,4.014999866485596,0.0,0.0
1694,2025-08-07 14:35:00-04:00,3732,4.014999866485596,4.014999866485596,4.010000228881836,4.010000228881836,0.0,0.0
1695,2025-08-07 14:36:00-04:00,2527,4.0100998878479,4.0100998878479,4.010000228881836,4.010000228881836,0.0,0.0
1696,2025-08-07 14:40:00-04:00,412,4.014999866485596,4.014999866485596,4.010000228881836,4.010000228881836,0.0,0.0
1697,2025-08-07 14:41:00-04:00,2634,4.019100189208984,4.019899845123291,4.014999866485596,4.014999866485596,0.0,0.0
1698,2025-08-07 14:43:00-04:00,262,4.010000228881836,4.010000228881836,4.010000228881836,4.010000228881836,0.0,0.0
1699,2025-08-07 14:45:00-04:00,274,4.014999866485596,4.014999866485596,4.014999866485596,4.014999866485596,0.0,0.0
1700,2025-08-07 14:46:00-04:00,100,4.010000228881836,4.010000228881836,4.010000228881836,4.010000228881836,0.0,0.0
1701,2025-08-07 14:47:00-04:00,134,4.014999866485596,4.014999866485596,4.014999866485596,4.014999866485596,0.0,0.0
1702,2025-08-07 14:48:00-04:00,302,4.014999866485596,4.014999866485596,4.014999866485596,4.014999866485596,0.0,0.0
1703,2025-08-07 14:49:00-04:00,100,4.010000228881836,4.010000228881836,4.010000228881836,4.010000228881836,0.0,0.0
1704,2025-08-07 14:50:00-04:00,689,4.014999866485596,4.014999866485596,4.014999866485596,4.014999866485596,0.0,0.0
1705,2025-08-07 14:52:00-04:00,230,4.014999866485596,4.014999866485596,4.014999866485596,4.014999866485596,0.0,0.0
1706,2025-08-07 14:53:00-04:00,2031,4.019999980926514,4.019999980926514,4.019999980926514,4.019999980926514,0.0,0.0
1707,2025-08-07 14:55:00-04:00,292,4.014999866485596,4.014999866485596,4.014999866485596,4.014999866485596,0.0,0.0
1708,2025-08-07 14:58:00-04:00,1552,4.010000228881836,4.014999866485596,4.010000228881836,4.014999866485596,0.0,0.0
1709,2025-08-07 15:00:00-04:00,153,4.019999980926514,4.019999980926514,4.019999980926514,4.019999980926514,0.0,0.0
1710,2025-08-07 15:01:00-04:00,481,4.014999866485596,4.014999866485596,4.014999866485596,4.014999866485596,0.0,0.0
1711,2025-08-07 15:02:00-04:00,805,4.019999980926514,4.019999980926514,4.019999980926514,4.019999980926514,0.0,0.0
1712,2025-08-07 15:03:00-04:00,1044,4.017199993133545,4.017199993133545,4.017199993133545,4.017199993133545,0.0,0.0
1713,2025-08-07 15:04:00-04:00,941,4.014999866485596,4.014999866485596,4.011199951171875,4.014999866485596,0.0,0.0
1714,2025-08-07 15:05:00-04:00,627,4.014999866485596,4.014999866485596,4.014999866485596,4.014999866485596,0.0,0.0
1715,2025-08-07 15:09:00-04:00,1099,4.014999866485596,4.014999866485596,4.014999866485596,4.014999866485596,0.0,0.0
1716,2025-08-07 15:10:00-04:00,105,4.014999866485596,4.014999866485596,4.014999866485596,4.014999866485596,0.0,0.0
1717,2025-08-07 15:11:00-04:00,709,4.014999866485596,4.014999866485596,4.014999866485596,4.014999866485596,0.0,0.0
1718,2025-08-07 15:12:00-04:00,2609,4.014999866485596,4.014999866485596,4.0114641189575195,4.0114641189575195,0.0,0.0
1719,2025-08-07 15:14:00-04:00,252,4.014999866485596,4.014999866485596,4.014999866485596,4.014999866485596,0.0,0.0
1720,2025-08-07 15:16:00-04:00,328,4.010000228881836,4.010000228881836,4.010000228881836,4.010000228881836,0.0,0.0
1721,2025-08-07 15:18:00-04:00,344,4.014999866485596,4.014999866485596,4.014999866485596,4.014999866485596,0.0,0.0
1722,2025-08-07 15:22:00-04:00,970,4.019000053405762,4.019000053405762,4.010000228881836,4.010000228881836,0.0,0.0
1723,2025-08-07 15:23:00-04:00,304,4.014999866485596,4.014999866485596,4.010000228881836,4.010000228881836,0.0,0.0
1724,2025-08-07 15:24:00-04:00,309,4.014999866485596,4.014999866485596,4.010000228881836,4.010000228881836,0.0,0.0
1725,2025-08-07 15:25:00-04:00,368,4.010000228881836,4.010000228881836,4.010000228881836,4.010000228881836,0.0,0.0
1726,2025-08-07 15:26:00-04:00,5617,4.014699935913086,4.014999866485596,4.014699935913086,4.014999866485596,0.0,0.0
1727,2025-08-07 15:27:00-04:00,5636,4.019199848175049,4.019199848175049,4.014999866485596,4.014999866485596,0.0,0.0
1728,2025-08-07 15:29:00-04:00,212,4.010000228881836,4.010000228881836,4.010000228881836,4.010000228881836,0.0,0.0
1729,2025-08-07 15:30:00-04:00,507,4.014999866485596,4.014999866485596,4.014999866485596,4.014999866485596,0.0,0.0
1730,2025-08-07 15:31:00-04:00,17271,4.019999980926514,4.039999961853027,4.019999980926514,4.034999847412109,0.0,0.0
1731,2025-08-07 15:32:00-04:00,708,4.034999847412109,4.034999847412109,4.034999847412109,4.034999847412109,0.0,0.0
1732,2025-08-07 15:34:00-04:00,330,4.034999847412109,4.034999847412109,4.034999847412109,4.034999847412109,0.0,0.0
1733,2025-08-07 15:35:00-04:00,2522,4.03000020980835,4.03000020980835,4.025000095367432,4.025000095367432,0.0,0.0
1734,2025-08-07 15:36:00-04:00,472,4.025000095367432,4.025000095367432,4.025000095367432,4.025000095367432,0.0,0.0
1735,2025-08-07 15:37:00-04:00,112,4.025000095367432,4.025000095367432,4.025000095367432,4.025000095367432,0.0,0.0
1736,2025-08-07 15:38:00-04:00,4008,4.03000020980835,4.034999847412109,4.025000095367432,4.034999847412109,0.0,0.0
1737,2025-08-07 15:39:00-04:00,306,4.034999847412109,4.034999847412109,4.034999847412109,4.034999847412109,0.0,0.0
1738,2025-08-07 15:40:00-04:00,3159,4.03000020980835,4.03000020980835,4.025000095367432,4.025000095367432,0.0,0.0
1739,2025-08-07 15:41:00-04:00,106,4.025000095367432,4.025000095367432,4.025000095367432,4.025000095367432,0.0,0.0
1740,2025-08-07 15:42:00-04:00,1381,4.025000095367432,4.025000095367432,4.019999980926514,4.019999980926514,0.0,0.0
1741,2025-08-07 15:44:00-04:00,545,4.025000095367432,4.025000095367432,4.019999980926514,4.019999980926514,0.0,0.0
1742,2025-08-07 15:47:00-04:00,2327,4.019999980926514,4.019999980926514,4.019999980926514,4.019999980926514,0.0,0.0
1743,2025-08-07 15:48:00-04:00,3521,4.019999980926514,4.019999980926514,4.014999866485596,4.014999866485596,0.0,0.0
1744,2025-08-07 15:49:00-04:00,2693,4.014999866485596,4.019999980926514,4.014999866485596,4.014999866485596,0.0,0.0
1745,2025-08-07 15:50:00-04:00,385,4.014999866485596,4.014999866485596,4.014999866485596,4.014999866485596,0.0,0.0
1746,2025-08-07 15:51:00-04:00,1007,4.014999866485596,4.014999866485596,4.014999866485596,4.014999866485596,0.0,0.0
1747,2025-08-07 15:52:00-04:00,5277,4.014999866485596,4.019999980926514,4.014999866485596,4.019999980926514,0.0,0.0
1748,2025-08-07 15:53:00-04:00,238,4.019999980926514,4.019999980926514,4.014999866485596,4.014999866485596,0.0,0.0
1749,2025-08-07 15:54:00-04:00,1437,4.014999866485596,4.019999980926514,4.014999866485596,4.014999866485596,0.0,0.0
1750,2025-08-07 15:55:00-04:00,972,4.014999866485596,4.014999866485596,4.014999866485596,4.014999866485596,0.0,0.0
1751,2025-08-07 15:56:00-04:00,1096,4.014999866485596,4.014999866485596,4.010000228881836,4.010000228881836,0.0,0.0
1752,2025-08-07 15:57:00-04:00,1414,4.014999866485596,4.014999866485596,4.014999866485596,4.014999866485596,0.0,0.0
1753,2025-08-07 15:58:00-04:00,4631,4.014999866485596,4.019999980926514,4.010900020599365,4.014999866485596,0.0,0.0
1754,2025-08-07 15:59:00-04:00,7927,4.019999980926514,4.019999980926514,4.010000228881836,4.019999980926514,0.0,0.0
1755,2025-08-08 09:30:00-04:00,13852,4.059999942779541,4.059999942779541,4.059999942779541,4.059999942779541,0.0,0.0
1756,2025-08-08 09:32:00-04:00,211,4.050000190734863,4.050000190734863,4.050000190734863,4.050000190734863,0.0,0.0
1757,2025-08-08 09:33:00-04:00,5103,4.072500228881836,4.079999923706055,4.065000057220459,4.065000057220459,0.0,0.0
1758,2025-08-08 09:34:00-04:00,1038,4.071400165557861,4.079999923706055,4.071400165557861,4.079999923706055,0.0,0.0
1759,2025-08-08 09:36:00-04:00,2011,4.079899787902832,4.079899787902832,4.079899787902832,4.079899787902832,0.0,0.0
1760,2025-08-08 09:37:00-04:00,1195,4.065000057220459,4.065000057220459,4.065000057220459,4.065000057220459,0.0,0.0
1761,2025-08-08 09:38:00-04:00,2849,4.079999923706055,4.079999923706055,4.078000068664551,4.079999923706055,0.0,0.0
1762,2025-08-08 09:39:00-04:00,1609,4.079999923706055,4.079999923706055,4.070000171661377,4.070000171661377,0.0,0.0
1763,2025-08-08 09:41:00-04:00,687,4.070000171661377,4.070000171661377,4.059999942779541,4.059999942779541,0.0,0.0
1764,2025-08-08 09:43:00-04:00,5136,4.079999923706055,4.090000152587891,4.079999923706055,4.090000152587891,0.0,0.0
1765,2025-08-08 09:44:00-04:00,2807,4.09499979019165,4.099999904632568,4.091000080108643,4.099899768829346,0.0,0.0
1766,2025-08-08 09:45:00-04:00,3396,4.099999904632568,4.099999904632568,4.099999904632568,4.099999904632568,0.0,0.0
1767,2025-08-08 09:46:00-04:00,2335,4.09499979019165,4.09499979019165,4.085000038146973,4.090000152587891,0.0,0.0
1768,2025-08-08 09:47:00-04:00,600,4.090000152587891,4.090000152587891,4.090000152587891,4.090000152587891,0.0,0.0
1769,2025-08-08 09:48:00-04:00,2489,4.09499979019165,4.0980000495910645,4.09499979019165,4.0980000495910645,0.0,0.0
1770,2025-08-08 09:49:00-04:00,371,4.09499979019165,4.096199989318848,4.09499979019165,4.096199989318848,0.0,0.0
1771,2025-08-08 09:50:00-04:00,67182,4.09499979019165,4.110000133514404,4.09499979019165,4.105000019073486,0.0,0.0
1772,2025-08-08 09:51:00-04:00,1375,4.106200218200684,4.110000133514404,4.106200218200684,4.110000133514404,0.0,0.0
1773,2025-08-08 09:52:00-04:00,108,4.110000133514404,4.110000133514404,4.110000133514404,4.110000133514404,0.0,0.0
1774,2025-08-08 09:53:00-04:00,9998,4.118000030517578,4.119999885559082,4.110000133514404,4.119999885559082,0.0,0.0
1775,2025-08-08 09:54:00-04:00,6138,4.114999771118164,4.11899995803833,4.099999904632568,4.099999904632568,0.0,0.0
1776,2025-08-08 09:55:00-04:00,3065,4.099999904632568,4.119999885559082,4.09499979019165,4.119999885559082,0.0,0.0
1777,2025-08-08 09:56:00-04:00,500,4.110000133514404,4.110000133514404,4.105000019073486,4.105000019073486,0.0,0.0
1778,2025-08-08 09:57:00-04:00,425,4.1092000007629395,4.1092000007629395,4.105000019073486,4.105000019073486,0.0,0.0
1779,2025-08-08 09:58:00-04:00,1071,4.105000019073486,4.119999885559082,4.105000019073486,4.119999885559082,0.0,0.0
1780,2025-08-08 09:59:00-04:00,2787,4.110199928283691,4.110199928283691,4.099999904632568,4.110000133514404,0.0,0.0
1781,2025-08-08 10:00:00-04:00,816,4.114999771118164,4.114999771118164,4.114999771118164,4.114999771118164,0.0,0.0
1782,2025-08-08 10:01:00-04:00,307,4.114999771118164,4.114999771118164,4.110000133514404,4.110000133514404,0.0,0.0
1783,2025-08-08 10:02:00-04:00,1015,4.114999771118164,4.119900226593018,4.110000133514404,4.110000133514404,0.0,0.0
1784,2025-08-08 10:03:00-04:00,485,4.111100196838379,4.119999885559082,4.111100196838379,4.114999771118164,0.0,0.0
1785,2025-08-08 10:04:00-04:00,959,4.114999771118164,4.114999771118164,4.114999771118164,4.114999771118164,0.0,0.0
1786,2025-08-08 10:05:00-04:00,712,4.114999771118164,4.114999771118164,4.110000133514404,4.114999771118164,0.0,0.0
1787,2025-08-08 10:06:00-04:00,714,4.114999771118164,4.119999885559082,4.114999771118164,4.114999771118164,0.0,0.0
1788,2025-08-08 10:07:00-04:00,208,4.114999771118164,4.114999771118164,4.114999771118164,4.114999771118164,0.0,0.0
1789,2025-08-08 10:08:00-04:00,6750,4.119999885559082,4.125,4.119999885559082,4.125,0.0,0.0
1790,2025-08-08 10:09:00-04:00,7125,4.119999885559082,4.119999885559082,4.110000133514404,4.114999771118164,0.0,0.0
1791,2025-08-08 10:10:00-04:00,658,4.114999771118164,4.114999771118164,4.114999771118164,4.114999771118164,0.0,0.0
1792,2025-08-08 10:11:00-04:00,247,4.114999771118164,4.114999771118164,4.114999771118164,4.114999771118164,0.0,0.0
1793,2025-08-08 10:12:00-04:00,4872,4.114999771118164,4.119999885559082,4.114999771118164,4.114999771118164,0.0,0.0
1794,2025-08-08 10:13:00-04:00,379,4.119999885559082,4.119999885559082,4.114999771118164,4.114999771118164,0.0,0.0
1795,2025-08-08 10:14:00-04:00,444,4.114999771118164,4.114999771118164,4.110000133514404,4.110000133514404,0.0,0.0
1796,2025-08-08 10:15:00-04:00,1686,4.114999771118164,4.119900226593018,4.114999771118164,4.114999771118164,0.0,0.0
1797,2025-08-08 10:16:00-04:00,815,4.114999771118164,4.114999771118164,4.114999771118164,4.114999771118164,0.0,0.0
1798,2025-08-08 10:17:00-04:00,594,4.114999771118164,4.119999885559082,4.114999771118164,4.114999771118164,0.0,0.0
1799,2025-08-08 10:18:00-04:00,649,4.114999771118164,4.114999771118164,4.114999771118164,4.114999771118164,0.0,0.0
1800,2025-08-08 10:19:00-04:00,489,4.114999771118164,4.114999771118164,4.114999771118164,4.114999771118164,0.0,0.0
1801,2025-08-08 10:20:00-04:00,2672,4.113500118255615,4.11899995803833,4.113500118255615,4.114999771118164,0.0,0.0
1802,2025-08-08 10:21:00-04:00,4943,4.110000133514404,4.110000133514404,4.105000019073486,4.105000019073486,0.0,0.0
1803,2025-08-08 10:22:00-04:00,256,4.105000019073486,4.105000019073486,4.105000019073486,4.105000019073486,0.0,0.0
1804,2025-08-08 10:23:00-04:00,340,4.105000019073486,4.105000019073486,4.105000019073486,4.105000019073486,0.0,0.0
1805,2025-08-08 10:24:00-04:00,233,4.105000019073486,4.105000019073486,4.105000019073486,4.105000019073486,0.0,0.0
1806,2025-08-08 10:25:00-04:00,623,4.099999904632568,4.105000019073486,4.099999904632568,4.105000019073486,0.0,0.0
1807,2025-08-08 10:26:00-04:00,5033,4.105000019073486,4.105000019073486,4.105000019073486,4.105000019073486,0.0,0.0
1808,2025-08-08 10:27:00-04:00,2954,4.099999904632568,4.099999904632568,4.099999904632568,4.099999904632568,0.0,0.0
1809,2025-08-08 10:28:00-04:00,416,4.099999904632568,4.099999904632568,4.099999904632568,4.099999904632568,0.0,0.0
1810,2025-08-08 10:29:00-04:00,14201,4.099999904632568,4.099999904632568,4.09499979019165,4.099999904632568,0.0,0.0
1811,2025-08-08 10:30:00-04:00,1257,4.105000019073486,4.105000019073486,4.099999904632568,4.099999904632568,0.0,0.0
1812,2025-08-08 10:31:00-04:00,516,4.099999904632568,4.099999904632568,4.099999904632568,4.099999904632568,0.0,0.0
1813,2025-08-08 10:33:00-04:00,540,4.099999904632568,4.105000019073486,4.099999904632568,4.105000019073486,0.0,0.0
1814,2025-08-08 10:34:00-04:00,1639,4.105000019073486,4.105000019073486,4.099999904632568,4.105000019073486,0.0,0.0
1815,2025-08-08 10:35:00-04:00,3843,4.105000019073486,4.1072001457214355,4.105000019073486,4.105000019073486,0.0,0.0
1816,2025-08-08 10:36:00-04:00,7132,4.099999904632568,4.099999904632568,4.0980000495910645,4.098999977111816,0.0,0.0
1817,2025-08-08 10:38:00-04:00,8353,4.105000019073486,4.106500148773193,4.085000038146973,4.085000038146973,0.0,0.0
1818,2025-08-08 10:39:00-04:00,119,4.085000038146973,4.085000038146973,4.085000038146973,4.085000038146973,0.0,0.0
1819,2025-08-08 10:40:00-04:00,319,4.085000038146973,4.085000038146973,4.085000038146973,4.085000038146973,0.0,0.0
1820,2025-08-08 10:41:00-04:00,531,4.085000038146973,4.085000038146973,4.085000038146973,4.085000038146973,0.0,0.0
1821,2025-08-08 10:42:00-04:00,1401,4.079999923706055,4.079999923706055,4.070000171661377,4.074999809265137,0.0,0.0
1822,2025-08-08 10:43:00-04:00,3407,4.070000171661377,4.074999809265137,4.070000171661377,4.074999809265137,0.0,0.0
1823,2025-08-08 10:44:00-04:00,1063,4.074999809265137,4.074999809265137,4.074999809265137,4.074999809265137,0.0,0.0
1824,2025-08-08 10:45:00-04:00,3566,4.074999809265137,4.079999923706055,4.074999809265137,4.074999809265137,0.0,0.0
1825,2025-08-08 10:46:00-04:00,378,4.075900077819824,4.075900077819824,4.074999809265137,4.074999809265137,0.0,0.0
1826,2025-08-08 10:47:00-04:00,301,4.074999809265137,4.074999809265137,4.074999809265137,4.074999809265137,0.0,0.0
1827,2025-08-08 10:50:00-04:00,733,4.074999809265137,4.074999809265137,4.074999809265137,4.074999809265137,0.0,0.0
1828,2025-08-08 10:52:00-04:00,500,4.070000171661377,4.070000171661377,4.070000171661377,4.070000171661377,0.0,0.0
1829,2025-08-08 10:53:00-04:00,1979,4.074999809265137,4.074999809265137,4.070000171661377,4.074999809265137,0.0,0.0
1830,2025-08-08 10:54:00-04:00,1709,4.074999809265137,4.079999923706055,4.074999809265137,4.074999809265137,0.0,0.0
1831,2025-08-08 10:55:00-04:00,240,4.074999809265137,4.074999809265137,4.074999809265137,4.074999809265137,0.0,0.0
1832,2025-08-08 10:56:00-04:00,140,4.074999809265137,4.074999809265137,4.074999809265137,4.074999809265137,0.0,0.0
1833,2025-08-08 10:57:00-04:00,552,4.074999809265137,4.074999809265137,4.072800159454346,4.072800159454346,0.0,0.0
1834,2025-08-08 10:58:00-04:00,1909,4.074999809265137,4.079999923706055,4.074999809265137,4.079999923706055,0.0,0.0
1835,2025-08-08 11:00:00-04:00,147,4.085000038146973,4.085000038146973,4.085000038146973,4.085000038146973,0.0,0.0
1836,2025-08-08 11:02:00-04:00,9364,4.085000038146973,4.085000038146973,4.080100059509277,4.085000038146973,0.0,0.0
1837,2025-08-08 11:03:00-04:00,1722,4.079999923706055,4.079999923706055,4.074999809265137,4.074999809265137,0.0,0.0
1838,2025-08-08 11:04:00-04:00,658,4.078999996185303,4.078999996185303,4.074999809265137,4.074999809265137,0.0,0.0
1839,2025-08-08 11:05:00-04:00,458,4.074999809265137,4.074999809265137,4.074999809265137,4.074999809265137,0.0,0.0
1840,2025-08-08 11:06:00-04:00,815,4.070000171661377,4.074999809265137,4.070000171661377,4.074999809265137,0.0,0.0
1841,2025-08-08 11:08:00-04:00,2494,4.070000171661377,4.070000171661377,4.070000171661377,4.070000171661377,0.0,0.0
1842,2025-08-08 11:10:00-04:00,719,4.061100006103516,4.061100006103516,4.061100006103516,4.061100006103516,0.0,0.0
1843,2025-08-08 11:13:00-04:00,798,4.065000057220459,4.065000057220459,4.059999942779541,4.065000057220459,0.0,0.0
1844,2025-08-08 11:15:00-04:00,202,4.065000057220459,4.065000057220459,4.065000057220459,4.065000057220459,0.0,0.0
1845,2025-08-08 11:16:00-04:00,2223,4.065499782562256,4.065499782562256,4.065000057220459,4.065000057220459,0.0,0.0
1846,2025-08-08 11:17:00-04:00,566,4.059999942779541,4.059999942779541,4.059999942779541,4.059999942779541,0.0,0.0
1847,2025-08-08 11:18:00-04:00,712,4.065000057220459,4.065000057220459,4.065000057220459,4.065000057220459,0.0,0.0
1848,2025-08-08 11:19:00-04:00,100,4.065000057220459,4.065000057220459,4.065000057220459,4.065000057220459,0.0,0.0
1849,2025-08-08 11:20:00-04:00,2558,4.069900035858154,4.069900035858154,4.069900035858154,4.069900035858154,0.0,0.0
1850,2025-08-08 11:21:00-04:00,729,4.059999942779541,4.065000057220459,4.059999942779541,4.065000057220459,0.0,0.0
1851,2025-08-08 11:23:00-04:00,244,4.068900108337402,4.068900108337402,4.068900108337402,4.068900108337402,0.0,0.0
1852,2025-08-08 11:24:00-04:00,1703,4.065000057220459,4.068999767303467,4.065000057220459,4.068900108337402,0.0,0.0
1853,2025-08-08 11:26:00-04:00,3574,4.065000057220459,4.065000057220459,4.054999828338623,4.054999828338623,0.0,0.0
1854,2025-08-08 11:27:00-04:00,212,4.050000190734863,4.054999828338623,4.050000190734863,4.054999828338623,0.0,0.0
1855,2025-08-08 11:28:00-04:00,356,4.054999828338623,4.054999828338623,4.054999828338623,4.054999828338623,0.0,0.0
1856,2025-08-08 11:29:00-04:00,291,4.054999828338623,4.054999828338623,4.054999828338623,4.054999828338623,0.0,0.0
1857,2025-08-08 11:30:00-04:00,577,4.054999828338623,4.054999828338623,4.054999828338623,4.054999828338623,0.0,0.0
1858,2025-08-08 11:31:00-04:00,629,4.054999828338623,4.054999828338623,4.054999828338623,4.054999828338623,0.0,0.0
1859,2025-08-08 11:32:00-04:00,507,4.054999828338623,4.054999828338623,4.050000190734863,4.050000190734863,0.0,0.0
1860,2025-08-08 11:34:00-04:00,601,4.054999828338623,4.054999828338623,4.050000190734863,4.054999828338623,0.0,0.0
1861,2025-08-08 11:36:00-04:00,1298,4.054999828338623,4.054999828338623,4.054999828338623,4.054999828338623,0.0,0.0
1862,2025-08-08 11:37:00-04:00,173,4.050000190734863,4.050000190734863,4.050000190734863,4.050000190734863,0.0,0.0
1863,2025-08-08 11:39:00-04:00,244,4.050000190734863,4.050000190734863,4.050000190734863,4.050000190734863,0.0,0.0
1864,2025-08-08 11:40:00-04:00,10007,4.050000190734863,4.050000190734863,4.050000190734863,4.050000190734863,0.0,0.0
1865,2025-08-08 11:41:00-04:00,610,4.039999961853027,4.039999961853027,4.039999961853027,4.039999961853027,0.0,0.0
1866,2025-08-08 11:42:00-04:00,9303,4.039999961853027,4.039999961853027,4.034999847412109,4.034999847412109,0.0,0.0
1867,2025-08-08 11:43:00-04:00,666,4.034999847412109,4.034999847412109,4.034999847412109,4.034999847412109,0.0,0.0
1868,2025-08-08 11:46:00-04:00,2057,4.025000095367432,4.025000095367432,4.025000095367432,4.025000095367432,0.0,0.0
1869,2025-08-08 11:47:00-04:00,4981,4.025000095367432,4.03000020980835,4.025000095367432,4.03000020980835,0.0,0.0
1870,2025-08-08 11:49:00-04:00,176,4.034999847412109,4.034999847412109,4.034999847412109,4.034999847412109,0.0,0.0
1871,2025-08-08 11:50:00-04:00,693,4.034999847412109,4.034999847412109,4.034999847412109,4.034999847412109,0.0,0.0
1872,2025-08-08 11:51:00-04:00,421,4.034999847412109,4.034999847412109,4.034999847412109,4.034999847412109,0.0,0.0
1873,2025-08-08 11:52:00-04:00,143,4.034999847412109,4.034999847412109,4.034999847412109,4.034999847412109,0.0,0.0
1874,2025-08-08 11:53:00-04:00,272,4.034999847412109,4.034999847412109,4.030099868774414,4.030099868774414,0.0,0.0
1875,2025-08-08 11:54:00-04:00,429,4.034999847412109,4.034999847412109,4.034999847412109,4.034999847412109,0.0,0.0
1876,2025-08-08 11:55:00-04:00,5216,4.034999847412109,4.034999847412109,4.03000020980835,4.030099868774414,0.0,0.0
1877,2025-08-08 12:00:00-04:00,212,4.019999980926514,4.019999980926514,4.019999980926514,4.019999980926514,0.0,0.0
1878,2025-08-08 12:01:00-04:00,702,4.025000095367432,4.025000095367432,4.019999980926514,4.019999980926514,0.0,0.0
1879,2025-08-08 12:02:00-04:00,22255,4.03000020980835,4.039999961853027,4.03000020980835,4.039999961853027,0.0,0.0
1880,2025-08-08 12:04:00-04:00,241,4.045000076293945,4.045000076293945,4.045000076293945,4.045000076293945,0.0,0.0
1881,2025-08-08 12:05:00-04:00,134,4.045000076293945,4.045000076293945,4.045000076293945,4.045000076293945,0.0,0.0
1882,2025-08-08 12:06:00-04:00,877,4.045000076293945,4.045000076293945,4.045000076293945,4.045000076293945,0.0,0.0
1883,2025-08-08 12:09:00-04:00,843,4.045000076293945,4.045000076293945,4.039999961853027,4.039999961853027,0.0,0.0
1884,2025-08-08 12:12:00-04:00,1639,4.039999961853027,4.039999961853027,4.039999961853027,4.039999961853027,0.0,0.0
1885,2025-08-08 12:14:00-04:00,648,4.034999847412109,4.034999847412109,4.03000020980835,4.03000020980835,0.0,0.0
1886,2025-08-08 12:15:00-04:00,1154,4.03000020980835,4.03000020980835,4.025000095367432,4.025000095367432,0.0,0.0
1887,2025-08-08 12:16:00-04:00,420,4.025000095367432,4.025000095367432,4.025000095367432,4.025000095367432,0.0,0.0
1888,2025-08-08 12:17:00-04:00,116,4.019999980926514,4.019999980926514,4.019999980926514,4.019999980926514,0.0,0.0
1889,2025-08-08 12:18:00-04:00,738,4.025000095367432,4.025000095367432,4.025000095367432,4.025000095367432,0.0,0.0
1890,2025-08-08 12:20:00-04:00,116,4.025000095367432,4.025000095367432,4.025000095367432,4.025000095367432,0.0,0.0
1891,2025-08-08 12:21:00-04:00,121,4.025000095367432,4.025000095367432,4.025000095367432,4.025000095367432,0.0,0.0
1892,2025-08-08 12:22:00-04:00,122,4.025000095367432,4.025000095367432,4.025000095367432,4.025000095367432,0.0,0.0
1893,2025-08-08 12:23:00-04:00,461,4.025000095367432,4.025000095367432,4.025000095367432,4.025000095367432,0.0,0.0
1894,2025-08-08 12:24:00-04:00,531,4.025000095367432,4.025000095367432,4.025000095367432,4.025000095367432,0.0,0.0
1895,2025-08-08 12:25:00-04:00,19317,4.03000020980835,4.034999847412109,4.03000020980835,4.034999847412109,0.0,0.0
1896,2025-08-08 12:26:00-04:00,178,4.034999847412109,4.034999847412109,4.034999847412109,4.034999847412109,0.0,0.0
1897,2025-08-08 12:27:00-04:00,213,4.039999961853027,4.039999961853027,4.039999961853027,4.039999961853027,0.0,0.0
1898,2025-08-08 12:30:00-04:00,104,4.034999847412109,4.034999847412109,4.034999847412109,4.034999847412109,0.0,0.0
1899,2025-08-08 12:31:00-04:00,148,4.03000020980835,4.03000020980835,4.03000020980835,4.03000020980835,0.0,0.0
1900,2025-08-08 12:32:00-04:00,1691,4.039100170135498,4.039100170135498,4.03000020980835,4.03000020980835,0.0,0.0
1901,2025-08-08 12:33:00-04:00,256,4.034999847412109,4.034999847412109,4.034999847412109,4.034999847412109,0.0,0.0
1902,2025-08-08 12:37:00-04:00,5756,4.03000020980835,4.039299964904785,4.03000020980835,4.039299964904785,0.0,0.0
1903,2025-08-08 12:39:00-04:00,865,4.034999847412109,4.034999847412109,4.034999847412109,4.034999847412109,0.0,0.0
1904,2025-08-08 12:40:00-04:00,663,4.034999847412109,4.034999847412109,4.034999847412109,4.034999847412109,0.0,0.0
1905,2025-08-08 12:45:00-04:00,603,4.03000020980835,4.03000020980835,4.03000020980835,4.03000020980835,0.0,0.0
1906,2025-08-08 12:46:00-04:00,278,4.034999847412109,4.039999961853027,4.034999847412109,4.039999961853027,0.0,0.0
1907,2025-08-08 12:48:00-04:00,122,4.03000020980835,4.03000020980835,4.03000020980835,4.03000020980835,0.0,0.0
1908,2025-08-08 12:49:00-04:00,770,4.03000020980835,4.03000020980835,4.03000020980835,4.03000020980835,0.0,0.0
1909,2025-08-08 12:51:00-04:00,619,4.03000020980835,4.03000020980835,4.03000020980835,4.03000020980835,0.0,0.0
1910,2025-08-08 12:52:00-04:00,393,4.034999847412109,4.034999847412109,4.03000020980835,4.03000020980835,0.0,0.0
1911,2025-08-08 12:53:00-04:00,295,4.034999847412109,4.034999847412109,4.034999847412109,4.034999847412109,0.0,0.0
1912,2025-08-08 12:54:00-04:00,2086,4.034599781036377,4.034999847412109,4.034599781036377,4.034999847412109,0.0,0.0
1913,2025-08-08 12:55:00-04:00,1834,4.03000020980835,4.035999774932861,4.03000020980835,4.03000020980835,0.0,0.0
1914,2025-08-08 12:56:00-04:00,2250,4.03000020980835,4.038899898529053,4.03000020980835,4.038899898529053,0.0,0.0
1915,2025-08-08 12:57:00-04:00,869,4.025000095367432,4.025000095367432,4.025000095367432,4.025000095367432,0.0,0.0
1916,2025-08-08 12:59:00-04:00,1184,4.024499893188477,4.025000095367432,4.024499893188477,4.025000095367432,0.0,0.0
1917,2025-08-08 13:00:00-04:00,104,4.025000095367432,4.025000095367432,4.025000095367432,4.025000095367432,0.0,0.0
1918,2025-08-08 13:01:00-04:00,1006,4.029900074005127,4.029900074005127,4.019999980926514,4.025000095367432,0.0,0.0
1919,2025-08-08 13:02:00-04:00,710,4.019999980926514,4.025000095367432,4.019999980926514,4.025000095367432,0.0,0.0
1920,2025-08-08 13:05:00-04:00,233,4.025000095367432,4.025000095367432,4.025000095367432,4.025000095367432,0.0,0.0
1921,2025-08-08 13:06:00-04:00,2810,4.029900074005127,4.029900074005127,4.025000095367432,4.025000095367432,0.0,0.0
1922,2025-08-08 13:07:00-04:00,1308,4.025000095367432,4.025000095367432,4.025000095367432,4.025000095367432,0.0,0.0
1923,2025-08-08 13:08:00-04:00,413,4.025000095367432,4.025000095367432,4.025000095367432,4.025000095367432,0.0,0.0
1924,2025-08-08 13:09:00-04:00,1594,4.03000020980835,4.034999847412109,4.03000020980835,4.034999847412109,0.0,0.0
1925,2025-08-08 13:10:00-04:00,2946,4.034999847412109,4.034999847412109,4.034999847412109,4.034999847412109,0.0,0.0
1926,2025-08-08 13:11:00-04:00,964,4.034999847412109,4.039999961853027,4.034999847412109,4.034999847412109,0.0,0.0
1927,2025-08-08 13:13:00-04:00,213,4.034999847412109,4.034999847412109,4.034999847412109,4.034999847412109,0.0,0.0
1928,2025-08-08 13:14:00-04:00,1234,4.039999961853027,4.045000076293945,4.034999847412109,4.045000076293945,0.0,0.0
1929,2025-08-08 13:15:00-04:00,2802,4.045000076293945,4.045000076293945,4.045000076293945,4.045000076293945,0.0,0.0
1930,2025-08-08 13:16:00-04:00,104,4.045000076293945,4.045000076293945,4.045000076293945,4.045000076293945,0.0,0.0
1931,2025-08-08 13:17:00-04:00,213,4.045000076293945,4.045000076293945,4.045000076293945,4.045000076293945,0.0,0.0
1932,2025-08-08 13:18:00-04:00,1630,4.045000076293945,4.049099922180176,4.045000076293945,4.045000076293945,0.0,0.0
1933,2025-08-08 13:19:00-04:00,125,4.045000076293945,4.045000076293945,4.045000076293945,4.045000076293945,0.0,0.0
1934,2025-08-08 13:20:00-04:00,687,4.044000148773193,4.045000076293945,4.044000148773193,4.045000076293945,0.0,0.0
1935,2025-08-08 13:21:00-04:00,109,4.045000076293945,4.045000076293945,4.045000076293945,4.045000076293945,0.0,0.0
1936,2025-08-08 13:22:00-04:00,121,4.045000076293945,4.045000076293945,4.045000076293945,4.045000076293945,0.0,0.0
1937,2025-08-08 13:23:00-04:00,100,4.045000076293945,4.045000076293945,4.045000076293945,4.045000076293945,0.0,0.0
1938,2025-08-08 13:24:00-04:00,618,4.045000076293945,4.050000190734863,4.045000076293945,4.050000190734863,0.0,0.0
1939,2025-08-08 13:25:00-04:00,201,4.045000076293945,4.045000076293945,4.045000076293945,4.045000076293945,0.0,0.0
1940,2025-08-08 13:26:00-04:00,388,4.048999786376953,4.048999786376953,4.048999786376953,4.048999786376953,0.0,0.0
1941,2025-08-08 13:27:00-04:00,862,4.039999961853027,4.039999961853027,4.039999961853027,4.039999961853027,0.0,0.0
1942,2025-08-08 13:30:00-04:00,787,4.050000190734863,4.050000190734863,4.045000076293945,4.045000076293945,0.0,0.0
1943,2025-08-08 13:31:00-04:00,262,4.045000076293945,4.045000076293945,4.045000076293945,4.045000076293945,0.0,0.0
1944,2025-08-08 13:33:00-04:00,161,4.039999961853027,4.039999961853027,4.039999961853027,4.039999961853027,0.0,0.0
1945,2025-08-08 13:34:00-04:00,631,4.045000076293945,4.045000076293945,4.045000076293945,4.045000076293945,0.0,0.0
1946,2025-08-08 13:35:00-04:00,238,4.045000076293945,4.045000076293945,4.045000076293945,4.045000076293945,0.0,0.0
1947,2025-08-08 13:36:00-04:00,311,4.045000076293945,4.045000076293945,4.045000076293945,4.045000076293945,0.0,0.0
1948,2025-08-08 13:37:00-04:00,301,4.045000076293945,4.050000190734863,4.045000076293945,4.045000076293945,0.0,0.0
1949,2025-08-08 13:38:00-04:00,169,4.045000076293945,4.045000076293945,4.045000076293945,4.045000076293945,0.0,0.0
1950,2025-08-08 13:39:00-04:00,104,4.039999961853027,4.039999961853027,4.039999961853027,4.039999961853027,0.0,0.0
1951,2025-08-08 13:40:00-04:00,178,4.045000076293945,4.045000076293945,4.045000076293945,4.045000076293945,0.0,0.0
1952,2025-08-08 13:41:00-04:00,4957,4.045000076293945,4.054999828338623,4.045000076293945,4.054999828338623,0.0,0.0
1953,2025-08-08 13:42:00-04:00,341,4.059999942779541,4.059999942779541,4.059999942779541,4.059999942779541,0.0,0.0
1954,2025-08-08 13:44:00-04:00,117,4.054999828338623,4.054999828338623,4.054999828338623,4.054999828338623,0.0,0.0
1955,2025-08-08 13:45:00-04:00,1369,4.054999828338623,4.059999942779541,4.054999828338623,4.054999828338623,0.0,0.0
1956,2025-08-08 13:48:00-04:00,206,4.054999828338623,4.059999942779541,4.054999828338623,4.059999942779541,0.0,0.0
1957,2025-08-08 13:49:00-04:00,2898,4.059899806976318,4.059899806976318,4.054999828338623,4.054999828338623,0.0,0.0
1958,2025-08-08 13:51:00-04:00,221,4.054999828338623,4.054999828338623,4.054999828338623,4.054999828338623,0.0,0.0
1959,2025-08-08 13:52:00-04:00,413,4.054999828338623,4.054999828338623,4.054999828338623,4.054999828338623,0.0,0.0
1960,2025-08-08 13:54:00-04:00,100,4.059999942779541,4.059999942779541,4.059999942779541,4.059999942779541,0.0,0.0
1961,2025-08-08 13:55:00-04:00,2577,4.054999828338623,4.065000057220459,4.054999828338623,4.065000057220459,0.0,0.0
1962,2025-08-08 13:56:00-04:00,245,4.065000057220459,4.065000057220459,4.065000057220459,4.065000057220459,0.0,0.0
1963,2025-08-08 13:59:00-04:00,8272,4.065000057220459,4.070000171661377,4.045000076293945,4.045000076293945,0.0,0.0
1964,2025-08-08 14:00:00-04:00,5239,4.045000076293945,4.045000076293945,4.03000020980835,4.034999847412109,0.0,0.0
1965,2025-08-08 14:01:00-04:00,198,4.039899826049805,4.039899826049805,4.039899826049805,4.039899826049805,0.0,0.0
1966,2025-08-08 14:02:00-04:00,354,4.034999847412109,4.034999847412109,4.034999847412109,4.034999847412109,0.0,0.0
1967,2025-08-08 14:03:00-04:00,1446,4.03000020980835,4.039999961853027,4.03000020980835,4.039999961853027,0.0,0.0
1968,2025-08-08 14:04:00-04:00,1357,4.050000190734863,4.054999828338623,4.050000190734863,4.054999828338623,0.0,0.0
1969,2025-08-08 14:06:00-04:00,295,4.054999828338623,4.054999828338623,4.054999828338623,4.054999828338623,0.0,0.0
1970,2025-08-08 14:07:00-04:00,865,4.059000015258789,4.059000015258789,4.054999828338623,4.054999828338623,0.0,0.0
1971,2025-08-08 14:08:00-04:00,1245,4.059999942779541,4.065000057220459,4.059999942779541,4.065000057220459,0.0,0.0
1972,2025-08-08 14:11:00-04:00,2182,4.065000057220459,4.070000171661377,4.065000057220459,4.070000171661377,0.0,0.0
1973,2025-08-08 14:12:00-04:00,3606,4.073500156402588,4.074999809265137,4.073500156402588,4.074999809265137,0.0,0.0
1974,2025-08-08 14:13:00-04:00,457,4.074999809265137,4.074999809265137,4.074999809265137,4.074999809265137,0.0,0.0
1975,2025-08-08 14:14:00-04:00,2183,4.074999809265137,4.074999809265137,4.070000171661377,4.070000171661377,0.0,0.0
1976,2025-08-08 14:15:00-04:00,3002,4.065000057220459,4.074999809265137,4.065000057220459,4.074999809265137,0.0,0.0
1977,2025-08-08 14:16:00-04:00,125,4.074999809265137,4.074999809265137,4.074999809265137,4.074999809265137,0.0,0.0
1978,2025-08-08 14:17:00-04:00,206,4.074999809265137,4.074999809265137,4.070000171661377,4.070000171661377,0.0,0.0
1979,2025-08-08 14:19:00-04:00,553,4.070000171661377,4.070000171661377,4.070000171661377,4.070000171661377,0.0,0.0
1980,2025-08-08 14:20:00-04:00,1531,4.070000171661377,4.070000171661377,4.065000057220459,4.070000171661377,0.0,0.0
1981,2025-08-08 14:21:00-04:00,730,4.074999809265137,4.074999809265137,4.074999809265137,4.074999809265137,0.0,0.0
1982,2025-08-08 14:23:00-04:00,11347,4.073500156402588,4.079999923706055,4.070000171661377,4.070000171661377,0.0,0.0
1983,2025-08-08 14:24:00-04:00,100,4.074999809265137,4.074999809265137,4.074999809265137,4.074999809265137,0.0,0.0
1984,2025-08-08 14:25:00-04:00,366,4.074999809265137,4.074999809265137,4.074999809265137,4.074999809265137,0.0,0.0
1985,2025-08-08 14:26:00-04:00,432,4.074999809265137,4.074999809265137,4.070000171661377,4.074999809265137,0.0,0.0
1986,2025-08-08 14:28:00-04:00,614,4.074999809265137,4.074999809265137,4.070000171661377,4.074999809265137,0.0,0.0
1987,2025-08-08 14:29:00-04:00,5343,4.074999809265137,4.085000038146973,4.070000171661377,4.074999809265137,0.0,0.0
1988,2025-08-08 14:31:00-04:00,942,4.074999809265137,4.074999809265137,4.074999809265137,4.074999809265137,0.0,0.0
1989,2025-08-08 14:32:00-04:00,163,4.074999809265137,4.074999809265137,4.074999809265137,4.074999809265137,0.0,0.0
1990,2025-08-08 14:33:00-04:00,155,4.074999809265137,4.074999809265137,4.074999809265137,4.074999809265137,0.0,0.0
1991,2025-08-08 14:34:00-04:00,302,4.074999809265137,4.074999809265137,4.074999809265137,4.074999809265137,0.0,0.0
1992,2025-08-08 14:35:00-04:00,3043,4.070000171661377,4.070000171661377,4.070000171661377,4.070000171661377,0.0,0.0
1993,2025-08-08 14:36:00-04:00,122,4.065000057220459,4.065000057220459,4.065000057220459,4.065000057220459,0.0,0.0
1994,2025-08-08 14:37:00-04:00,1093,4.065000057220459,4.065000057220459,4.059999942779541,4.065000057220459,0.0,0.0
1995,2025-08-08 14:38:00-04:00,1277,4.065000057220459,4.065000057220459,4.065000057220459,4.065000057220459,0.0,0.0
1996,2025-08-08 14:41:00-04:00,607,4.059999942779541,4.059999942779541,4.059999942779541,4.059999942779541,0.0,0.0
1997,2025-08-08 14:42:00-04:00,1187,4.065000057220459,4.065000057220459,4.059999942779541,4.059999942779541,0.0,0.0
1998,2025-08-08 14:43:00-04:00,120,4.065000057220459,4.065000057220459,4.065000057220459,4.065000057220459,0.0,0.0
1999,2025-08-08 14:44:00-04:00,1148,4.065000057220459,4.070000171661377,4.065000057220459,4.070000171661377,0.0,0.0
2000,2025-08-08 14:45:00-04:00,762,4.065000057220459,4.065000057220459,4.059999942779541,4.065000057220459,0.0,0.0
2001,2025-08-08 14:47:00-04:00,502,4.065000057220459,4.065000057220459,4.065000057220459,4.065000057220459,0.0,0.0
2002,2025-08-08 14:48:00-04:00,312,4.065000057220459,4.065000057220459,4.065000057220459,4.065000057220459,0.0,0.0
2003,2025-08-08 14:49:00-04:00,617,4.059999942779541,4.059999942779541,4.059999942779541,4.059999942779541,0.0,0.0
2004,2025-08-08 14:50:00-04:00,607,4.059999942779541,4.059999942779541,4.059999942779541,4.059999942779541,0.0,0.0
2005,2025-08-08 14:52:00-04:00,5072,4.065000057220459,4.074999809265137,4.065000057220459,4.070000171661377,0.0,0.0
2006,2025-08-08 14:53:00-04:00,226,4.074999809265137,4.074999809265137,4.074999809265137,4.074999809265137,0.0,0.0
2007,2025-08-08 14:55:00-04:00,210,4.074999809265137,4.074999809265137,4.074999809265137,4.074999809265137,0.0,0.0
2008,2025-08-08 14:56:00-04:00,224,4.074999809265137,4.074999809265137,4.074999809265137,4.074999809265137,0.0,0.0
2009,2025-08-08 14:57:00-04:00,831,4.074999809265137,4.075300216674805,4.070000171661377,4.070000171661377,0.0,0.0
2010,2025-08-08 14:58:00-04:00,742,4.074999809265137,4.074999809265137,4.074999809265137,4.074999809265137,0.0,0.0
2011,2025-08-08 14:59:00-04:00,625,4.074999809265137,4.074999809265137,4.074999809265137,4.074999809265137,0.0,0.0
2012,2025-08-08 15:00:00-04:00,249,4.074999809265137,4.074999809265137,4.074999809265137,4.074999809265137,0.0,0.0
2013,2025-08-08 15:01:00-04:00,131,4.074999809265137,4.074999809265137,4.074999809265137,4.074999809265137,0.0,0.0
2014,2025-08-08 15:02:00-04:00,2662,4.074999809265137,4.085000038146973,4.070000171661377,4.085000038146973,0.0,0.0
2015,2025-08-08 15:03:00-04:00,200,4.085000038146973,4.085000038146973,4.085000038146973,4.085000038146973,0.0,0.0
2016,2025-08-08 15:04:00-04:00,2000,4.085000038146973,4.085000038146973,4.079999923706055,4.079999923706055,0.0,0.0
2017,2025-08-08 15:05:00-04:00,573,4.074999809265137,4.074999809265137,4.074999809265137,4.074999809265137,0.0,0.0
2018,2025-08-08 15:06:00-04:00,825,4.074999809265137,4.079899787902832,4.074999809265137,4.074999809265137,0.0,0.0
2019,2025-08-08 15:07:00-04:00,487,4.074999809265137,4.074999809265137,4.074999809265137,4.074999809265137,0.0,0.0
2020,2025-08-08 15:08:00-04:00,336,4.074999809265137,4.074999809265137,4.074999809265137,4.074999809265137,0.0,0.0
2021,2025-08-08 15:10:00-04:00,554,4.079899787902832,4.079899787902832,4.079899787902832,4.079899787902832,0.0,0.0
2022,2025-08-08 15:11:00-04:00,765,4.074999809265137,4.074999809265137,4.070000171661377,4.070000171661377,0.0,0.0
2023,2025-08-08 15:12:00-04:00,592,4.074999809265137,4.074999809265137,4.070000171661377,4.070000171661377,0.0,0.0
2024,2025-08-08 15:13:00-04:00,2801,4.074999809265137,4.074999809265137,4.074999809265137,4.074999809265137,0.0,0.0
2025,2025-08-08 15:14:00-04:00,597,4.074999809265137,4.074999809265137,4.074999809265137,4.074999809265137,0.0,0.0
2026,2025-08-08 15:15:00-04:00,702,4.074999809265137,4.074999809265137,4.070000171661377,4.070000171661377,0.0,0.0
2027,2025-08-08 15:16:00-04:00,1340,4.070000171661377,4.074999809265137,4.070000171661377,4.070000171661377,0.0,0.0
2028,2025-08-08 15:18:00-04:00,2296,4.074999809265137,4.074999809265137,4.070000171661377,4.070000171661377,0.0,0.0
2029,2025-08-08 15:19:00-04:00,1307,4.065000057220459,4.065000057220459,4.065000057220459,4.065000057220459,0.0,0.0
2030,2025-08-08 15:20:00-04:00,4170,4.064700126647949,4.065000057220459,4.059999942779541,4.059999942779541,0.0,0.0
2031,2025-08-08 15:21:00-04:00,3736,4.069900035858154,4.069900035858154,4.065000057220459,4.065000057220459,0.0,0.0
2032,2025-08-08 15:23:00-04:00,801,4.065000057220459,4.065000057220459,4.065000057220459,4.065000057220459,0.0,0.0
2033,2025-08-08 15:24:00-04:00,365,4.065000057220459,4.065000057220459,4.065000057220459,4.065000057220459,0.0,0.0
2034,2025-08-08 15:25:00-04:00,452,4.065000057220459,4.065000057220459,4.061100006103516,4.061100006103516,0.0,0.0
2035,2025-08-08 15:26:00-04:00,877,4.059999942779541,4.065000057220459,4.059999942779541,4.059999942779541,0.0,0.0
2036,2025-08-08 15:27:00-04:00,866,4.065000057220459,4.065000057220459,4.065000057220459,4.065000057220459,0.0,0.0
2037,2025-08-08 15:28:00-04:00,2964,4.059999942779541,4.059999942779541,4.054999828338623,4.054999828338623,0.0,0.0
2038,2025-08-08 15:29:00-04:00,0,4.059999942779541,4.059999942779541,4.059999942779541,4.059999942779541,0.0,0.0
2039,2025-08-08 15:30:00-04:00,411,4.060999870300293,4.060999870300293,4.060999870300293,4.060999870300293,0.0,0.0
2040,2025-08-08 15:31:00-04:00,676,4.065000057220459,4.065000057220459,4.065000057220459,4.065000057220459,0.0,0.0
2041,2025-08-08 15:32:00-04:00,1325,4.070000171661377,4.070000171661377,4.065000057220459,4.065000057220459,0.0,0.0
2042,2025-08-08 15:33:00-04:00,826,4.065000057220459,4.065000057220459,4.059999942779541,4.059999942779541,0.0,0.0
2043,2025-08-08 15:34:00-04:00,2133,4.065000057220459,4.065000057220459,4.065000057220459,4.065000057220459,0.0,0.0
2044,2025-08-08 15:36:00-04:00,3438,4.059999942779541,4.059999942779541,4.054599761962891,4.054999828338623,0.0,0.0
2045,2025-08-08 15:37:00-04:00,403,4.054999828338623,4.054999828338623,4.054999828338623,4.054999828338623,0.0,0.0
2046,2025-08-08 15:38:00-04:00,1410,4.059999942779541,4.059999942779541,4.050899982452393,4.050899982452393,0.0,0.0
2047,2025-08-08 15:39:00-04:00,1137,4.054999828338623,4.054999828338623,4.054999828338623,4.054999828338623,0.0,0.0
2048,2025-08-08 15:40:00-04:00,12186,4.054999828338623,4.059999942779541,4.054999828338623,4.059999942779541,0.0,0.0
2049,2025-08-08 15:42:00-04:00,4029,4.070000171661377,4.070000171661377,4.070000171661377,4.070000171661377,0.0,0.0
2050,2025-08-08 15:43:00-04:00,5771,4.065000057220459,4.070000171661377,4.065000057220459,4.065000057220459,0.0,0.0
2051,2025-08-08 15:44:00-04:00,2771,4.070000171661377,4.079999923706055,4.070000171661377,4.079999923706055,0.0,0.0
2052,2025-08-08 15:45:00-04:00,0,4.074999809265137,4.074999809265137,4.074999809265137,4.074999809265137,0.0,0.0
